run_id,train_loss,test_loss,train_acc,test_acc,time
1,1.3333685398101807,1.3289004564285278,0.3840000033378601,0.38499999046325684,0.0
1,1.040295124053955,1.0372273921966553,0.6380000114440918,0.6649999618530273,0.026084184646606445
1,0.905299961566925,0.9024204015731812,0.6260000467300415,0.6349999904632568,0.030979156494140625
1,0.8325242400169373,0.8253674507141113,0.6260000467300415,0.6349999904632568,0.0346226692199707
1,0.7805760502815247,0.7746766805648804,0.6340000033378601,0.6624999642372131,0.03878974914550781
1,0.7346475720405579,0.7360711097717285,0.6540000438690186,0.6875,0.04229092597961426
1,0.6937748193740845,0.699217677116394,0.6800000071525574,0.699999988079071,0.045786380767822266
1,0.6553124189376831,0.6614711284637451,0.7090000510215759,0.7400000095367432,0.049973487854003906
1,0.6162629127502441,0.6241409778594971,0.7360000610351562,0.75,0.053406476974487305
1,0.5770086646080017,0.5850863456726074,0.753000020980835,0.7699999809265137,0.05721592903137207
1,0.5384965538978577,0.5453025698661804,0.7720000147819519,0.7874999642372131,0.06072568893432617
1,0.5025472640991211,0.5110747814178467,0.7870000600814819,0.8025000095367432,0.06417512893676758
1,0.46841001510620117,0.4814658463001251,0.8070000410079956,0.8025000095367432,0.06811881065368652
1,0.43624770641326904,0.4517650306224823,0.8260000348091125,0.8125,0.07162642478942871
1,0.4050678610801697,0.4212660491466522,0.8400000333786011,0.8199999928474426,0.07503652572631836
1,0.3768457770347595,0.3919048011302948,0.8630000352859497,0.8449999690055847,0.0786137580871582
1,0.3510759174823761,0.36657917499542236,0.8710000514984131,0.8574999570846558,0.08205413818359375
1,0.3307245969772339,0.35219088196754456,0.8910000324249268,0.8424999713897705,0.15029358863830566
1,0.32604384422302246,0.3424186408519745,0.8600000143051147,0.8424999713897705,0.15386009216308594
1,0.3202812969684601,0.35157281160354614,0.8700000643730164,0.8274999856948853,0.15742802619934082
1,0.2813130021095276,0.30727890133857727,0.9010000228881836,0.8675000071525574,0.16096067428588867
1,0.2726321816444397,0.29019105434417725,0.906000018119812,0.8799999952316284,0.16435456275939941
1,0.25993093848228455,0.28400832414627075,0.9010000228881836,0.8700000047683716,0.16808629035949707
1,0.23596584796905518,0.26095783710479736,0.9190000295639038,0.8824999928474426,0.17152833938598633
1,0.23209764063358307,0.24921144545078278,0.9240000247955322,0.8999999761581421,0.17500853538513184
1,0.2129160314798355,0.23003113269805908,0.9380000233650208,0.92249995470047,0.17870855331420898
1,0.2080722600221634,0.22926494479179382,0.9250000715255737,0.9074999690055847,0.18213605880737305
1,0.19423481822013855,0.21360832452774048,0.9410000443458557,0.9199999570846558,0.1855175495147705
1,0.18883998692035675,0.20621120929718018,0.9430000185966492,0.9174999594688416,0.1889481544494629
1,0.17674918472766876,0.18723700940608978,0.9450000524520874,0.9350000023841858,0.19240379333496094
1,0.17195545136928558,0.18828889727592468,0.9450000524520874,0.9375,0.1961660385131836
1,0.16539041697978973,0.18640583753585815,0.9460000395774841,0.9274999499320984,0.19974970817565918
1,0.15628834068775177,0.1676749587059021,0.9490000605583191,0.9375,0.2030811309814453
1,0.15047937631607056,0.1600145697593689,0.9470000267028809,0.9399999976158142,0.20647954940795898
1,0.14591427147388458,0.16207638382911682,0.9530000686645508,0.9350000023841858,0.2099151611328125
1,0.1405768245458603,0.1514599770307541,0.9500000476837158,0.9399999976158142,0.21330785751342773
1,0.13910363614559174,0.14815567433834076,0.9480000734329224,0.9474999904632568,0.21672606468200684
1,0.13059048354625702,0.13491885364055634,0.9550000429153442,0.949999988079071,0.22004914283752441
1,0.13036464154720306,0.14756983518600464,0.956000030040741,0.9375,0.2235097885131836
1,0.12688492238521576,0.127512127161026,0.9530000686645508,0.9574999809265137,0.22685480117797852
1,0.1223050132393837,0.13631872832775116,0.956000030040741,0.9524999856948853,0.23019075393676758
1,0.12154389172792435,0.12671047449111938,0.9550000429153442,0.949999988079071,0.23357772827148438
1,0.1166134923696518,0.13046933710575104,0.9550000429153442,0.9549999833106995,0.23734354972839355
1,0.11161161959171295,0.10835687816143036,0.9550000429153442,0.9699999690055847,0.24081730842590332
1,0.10852278769016266,0.1221121996641159,0.9610000252723694,0.949999988079071,0.2441701889038086
1,0.10319440811872482,0.10171279311180115,0.9630000591278076,0.9649999737739563,0.24770140647888184
1,0.09782687574625015,0.10281981527805328,0.9640000462532043,0.9599999785423279,0.25102972984313965
1,0.09801577776670456,0.10279938578605652,0.9630000591278076,0.9699999690055847,0.254528284072876
1,0.0959291160106659,0.10092978179454803,0.9650000333786011,0.9599999785423279,0.2584555149078369
1,0.09507935494184494,0.09579075127840042,0.9600000381469727,0.9649999737739563,0.2619035243988037
1,0.10012166202068329,0.12256243824958801,0.9620000720024109,0.9549999833106995,0.2653384208679199
1,0.12764872610569,0.11624616384506226,0.9450000524520874,0.9549999833106995,0.26898789405822754
1,0.12933342158794403,0.17563888430595398,0.9440000653266907,0.9325000047683716,0.2733795642852783
1,0.10059493035078049,0.09764803946018219,0.9580000638961792,0.9549999833106995,0.27709507942199707
1,0.08646920323371887,0.07818727940320969,0.9600000381469727,0.9724999666213989,0.2804858684539795
1,0.10244352370500565,0.12585215270519257,0.9620000720024109,0.9524999856948853,0.28407812118530273
1,0.08289875835180283,0.08608018606901169,0.9690000414848328,0.9624999761581421,0.28757572174072266
1,0.08599801361560822,0.08464786410331726,0.9620000720024109,0.9699999690055847,0.29102373123168945
1,0.087946318089962,0.10531514137983322,0.9700000286102295,0.9574999809265137,0.29467248916625977
1,0.07710518687963486,0.08786462992429733,0.9720000624656677,0.9674999713897705,0.29834532737731934
1,0.08261729031801224,0.07685554772615433,0.9650000333786011,0.9749999642372131,0.30190086364746094
1,0.07709509879350662,0.08535026758909225,0.9780000448226929,0.9624999761581421,0.30529069900512695
1,0.07275038957595825,0.09032323211431503,0.9740000367164612,0.9649999737739563,0.30872440338134766
1,0.07365771383047104,0.07115644216537476,0.971000075340271,0.9724999666213989,0.31216931343078613
1,0.06805252283811569,0.06992446631193161,0.9790000319480896,0.9724999666213989,0.3155379295349121
1,0.07065942883491516,0.0877828374505043,0.9810000658035278,0.9699999690055847,0.31900572776794434
1,0.06668480485677719,0.06621074676513672,0.9750000238418579,0.9674999713897705,0.32285594940185547
1,0.06516195088624954,0.06912283599376678,0.9720000624656677,0.9649999737739563,0.3262500762939453
1,0.06642564386129379,0.08576209098100662,0.9800000190734863,0.9624999761581421,0.32979846000671387
1,0.0600251741707325,0.06415989249944687,0.9800000190734863,0.9749999642372131,0.3338196277618408
1,0.06266216933727264,0.06710713356733322,0.9780000448226929,0.9649999737739563,0.3374342918395996
1,0.060089726001024246,0.07657180726528168,0.984000027179718,0.9749999642372131,0.3408348560333252
1,0.0568089485168457,0.0627097338438034,0.9860000610351562,0.9774999618530273,0.3442971706390381
1,0.057328421622514725,0.06247046962380409,0.9800000190734863,0.9674999713897705,0.34819531440734863
1,0.05590078979730606,0.07110143452882767,0.9830000400543213,0.9649999737739563,0.3518192768096924
1,0.05317474529147148,0.06068059056997299,0.987000048160553,0.9774999618530273,0.3556046485900879
1,0.053183116018772125,0.05593857169151306,0.9830000400543213,0.9799999594688416,0.35915207862854004
1,0.05111808702349663,0.06637292355298996,0.9850000739097595,0.9699999690055847,0.36255979537963867
1,0.05023323372006416,0.06436267495155334,0.9860000610351562,0.9699999690055847,0.365933895111084
1,0.0501231923699379,0.05280754715204239,0.987000048160553,0.9824999570846558,0.3694300651550293
1,0.04835200682282448,0.062236055731773376,0.987000048160553,0.9749999642372131,0.37322306632995605
1,0.04714879393577576,0.06126265227794647,0.9890000224113464,0.9724999666213989,0.37682127952575684
1,0.04708438739180565,0.05215568095445633,0.9880000352859497,0.9749999642372131,0.380218505859375
1,0.04502972215414047,0.058345407247543335,0.9890000224113464,0.9749999642372131,0.38361406326293945
1,0.04422003775835037,0.05706116557121277,0.9890000224113464,0.9724999666213989,0.38763952255249023
1,0.044586874544620514,0.05141648277640343,0.9880000352859497,0.9724999666213989,0.39176058769226074
1,0.04353300854563713,0.05983508750796318,0.9900000691413879,0.9699999690055847,0.3952651023864746
1,0.043350864201784134,0.05952727794647217,0.9890000224113464,0.9674999713897705,0.3986928462982178
1,0.045144155621528625,0.053212281316518784,0.9900000691413879,0.9749999642372131,0.40193629264831543
1,0.05309996008872986,0.08100493252277374,0.9820000529289246,0.9649999737739563,0.4054605960845947
1,0.06600403785705566,0.07353699952363968,0.9700000286102295,0.9699999690055847,0.4095754623413086
1,0.11598081886768341,0.1773306131362915,0.9530000686645508,0.9375,0.413158655166626
1,0.124574676156044,0.13368390500545502,0.9430000185966492,0.949999988079071,0.4170355796813965
1,0.060799214988946915,0.11254844069480896,0.9820000529289246,0.9624999761581421,0.42040514945983887
1,0.07791414856910706,0.12552064657211304,0.968000054359436,0.949999988079071,0.48844170570373535
1,0.08139856904745102,0.09468842297792435,0.9630000591278076,0.9624999761581421,0.4921600818634033
1,0.049031518399715424,0.070753313601017,0.9860000610351562,0.9649999737739563,0.49584078788757324
1,0.07734362035989761,0.0931236520409584,0.9650000333786011,0.9574999809265137,0.49928832054138184
1,0.04488677158951759,0.054585427045822144,0.9860000610351562,0.9824999570846558,0.5027635097503662
1,0.06879401952028275,0.0843125507235527,0.9720000624656677,0.9649999737739563,0.5063252449035645
1,0.04472338780760765,0.05736112222075462,0.984000027179718,0.9724999666213989,0.5097508430480957
1,0.06166425719857216,0.07791785150766373,0.9780000448226929,0.9649999737739563,0.5135855674743652
1,0.04250391572713852,0.0627548098564148,0.9880000352859497,0.9699999690055847,0.5170915126800537
1,0.05684807151556015,0.077396921813488,0.9790000319480896,0.9724999666213989,0.5208258628845215
1,0.04096047207713127,0.048901062458753586,0.9900000691413879,0.98499995470047,0.5245711803436279
1,0.052299223840236664,0.0672706738114357,0.9800000190734863,0.9624999761581421,0.5283393859863281
1,0.04076974093914032,0.0639958456158638,0.9890000224113464,0.9699999690055847,0.5321085453033447
1,0.0489065982401371,0.06503865122795105,0.984000027179718,0.9649999737739563,0.5363092422485352
1,0.03769246116280556,0.05142011120915413,0.9900000691413879,0.9774999618530273,0.5398926734924316
1,0.04550423100590706,0.0650208592414856,0.9860000610351562,0.9649999737739563,0.5434868335723877
1,0.036608465015888214,0.050065141171216965,0.9910000562667847,0.9774999618530273,0.5468974113464355
1,0.04370725527405739,0.06031065434217453,0.9860000610351562,0.9724999666213989,0.5503902435302734
1,0.036027420312166214,0.06015247479081154,0.9910000562667847,0.9699999690055847,0.5538105964660645
1,0.04020064324140549,0.058748479932546616,0.9860000610351562,0.9724999666213989,0.557337760925293
1,0.034856610000133514,0.04474540054798126,0.9940000176429749,0.9799999594688416,0.5606820583343506
1,0.03794010728597641,0.058433111757040024,0.9900000691413879,0.9699999690055847,0.5641078948974609
1,0.03392428532242775,0.057591743767261505,0.9890000224113464,0.9724999666213989,0.5674929618835449
1,0.0357329398393631,0.05435124412178993,0.987000048160553,0.9699999690055847,0.5709257125854492
1,0.03287384286522865,0.04656609892845154,0.9940000176429749,0.9774999618530273,0.5744228363037109
1,0.034475043416023254,0.05494295433163643,0.9930000305175781,0.9674999713897705,0.5778419971466064
1,0.03166648745536804,0.04978201910853386,0.9940000176429749,0.9774999618530273,0.5813038349151611
1,0.03310759365558624,0.047702156007289886,0.9910000562667847,0.9774999618530273,0.584752082824707
1,0.030962062999606133,0.04877033829689026,0.9920000433921814,0.9799999594688416,0.588111162185669
1,0.0314592681825161,0.05360213667154312,0.9930000305175781,0.9724999666213989,0.5914936065673828
1,0.03028954192996025,0.0450020357966423,0.9940000176429749,0.9799999594688416,0.5951652526855469
1,0.03004402667284012,0.04527872055768967,0.9940000176429749,0.9774999618530273,0.5986447334289551
1,0.02973351813852787,0.05346326529979706,0.9930000305175781,0.9724999666213989,0.6020505428314209
1,0.028745286166667938,0.05034857243299484,0.9940000176429749,0.9749999642372131,0.6056809425354004
1,0.029034623876214027,0.04271302744746208,0.9940000176429749,0.9874999523162842,0.6089920997619629
1,0.027768250554800034,0.045367661863565445,0.9950000643730164,0.9799999594688416,0.6126613616943359
1,0.028235038742423058,0.05309409275650978,0.9950000643730164,0.9724999666213989,0.6162526607513428
1,0.026983534917235374,0.04765684902667999,0.9950000643730164,0.9774999618530273,0.6196162700653076
1,0.02722984179854393,0.04405961185693741,0.9940000176429749,0.9799999594688416,0.6230959892272949
1,0.026394546031951904,0.047832831740379333,0.9950000643730164,0.9774999618530273,0.6267728805541992
1,0.02628939040005207,0.049246497452259064,0.9940000176429749,0.9749999642372131,0.6301636695861816
1,0.025982070714235306,0.04522998631000519,0.9950000643730164,0.9774999618530273,0.6343538761138916
1,0.025444848462939262,0.04747815057635307,0.9960000514984131,0.9774999618530273,0.6377227306365967
1,0.025452833622694016,0.05057733133435249,0.9960000514984131,0.9749999642372131,0.6414661407470703
1,0.02472344972193241,0.04504735767841339,0.9960000514984131,0.9799999594688416,0.6451544761657715
1,0.024740638211369514,0.043194521218538284,0.9970000386238098,0.9824999570846558,0.6485493183135986
1,0.0243136715143919,0.04774990677833557,0.9970000386238098,0.9774999618530273,0.6525423526763916
1,0.024054571986198425,0.04740748926997185,0.9960000514984131,0.9774999618530273,0.6562037467956543
1,0.024126123636960983,0.04418501257896423,0.9960000514984131,0.9749999642372131,0.6602020263671875
1,0.023976460099220276,0.04497449845075607,0.9950000643730164,0.9799999594688416,0.6637821197509766
1,0.024604301899671555,0.050645116716623306,0.9960000514984131,0.9749999642372131,0.6672441959381104
1,0.02584555372595787,0.046011071652173996,0.9930000305175781,0.9749999642372131,0.6706521511077881
1,0.026191076263785362,0.05008389800786972,0.9930000305175781,0.9774999618530273,0.6740167140960693
1,0.02662043087184429,0.04794781282544136,0.9910000562667847,0.9724999666213989,0.6773834228515625
1,0.023982184007763863,0.050096992403268814,0.9970000386238098,0.9749999642372131,0.6807527542114258
1,0.022067086771130562,0.04126540198922157,0.9960000514984131,0.9799999594688416,0.6843459606170654
1,0.02189973182976246,0.04662926122546196,0.9960000514984131,0.9774999618530273,0.6877264976501465
1,0.02285642921924591,0.05107220262289047,0.9970000386238098,0.9774999618530273,0.6921951770782471
1,0.02332266978919506,0.04176303744316101,0.9950000643730164,0.9774999618530273,0.696134090423584
1,0.02204485610127449,0.05010465532541275,0.9970000386238098,0.9774999618530273,0.6999740600585938
1,0.02071557380259037,0.04455989971756935,0.9970000386238098,0.9774999618530273,0.7035512924194336
1,0.020622793585062027,0.04129011183977127,0.9980000257492065,0.9774999618530273,0.706946611404419
1,0.021161649376153946,0.0489618144929409,0.9970000386238098,0.9799999594688416,0.710446834564209
1,0.02134198136627674,0.04444845765829086,0.9960000514984131,0.9749999642372131,0.7137954235076904
1,0.020487476140260696,0.04663676396012306,0.9970000386238098,0.9799999594688416,0.7175290584564209
1,0.01957123354077339,0.04359037056565285,0.9980000257492065,0.9774999618530273,0.7218687534332275
1,0.019426655024290085,0.04500402510166168,0.9980000257492065,0.9774999618530273,0.7258028984069824
1,0.01968037150800228,0.045334745198488235,0.9970000386238098,0.9799999594688416,0.7293133735656738
1,0.019768955186009407,0.04145434871315956,0.9980000257492065,0.9799999594688416,0.7337582111358643
1,0.01940341480076313,0.04909466207027435,0.9970000386238098,0.9799999594688416,0.7376325130462646
1,0.01875484175980091,0.04148727282881737,0.9980000257492065,0.9774999618530273,0.7412164211273193
1,0.01828053407371044,0.04246770963072777,0.9980000257492065,0.9774999618530273,0.7448961734771729
1,0.01818482019007206,0.04508572071790695,0.9980000257492065,0.9774999618530273,0.748375654220581
1,0.018190832808613777,0.041012849658727646,0.9980000257492065,0.9799999594688416,0.7522423267364502
1,0.018182162195444107,0.04486855864524841,0.9970000386238098,0.9799999594688416,0.7560334205627441
1,0.018062323331832886,0.04302547872066498,0.9970000386238098,0.9774999618530273,0.7594258785247803
1,0.017709651961922646,0.043414849787950516,0.9970000386238098,0.9799999594688416,0.7628614902496338
1,0.017358189448714256,0.040822017937898636,0.999000072479248,0.9799999594688416,0.8302786350250244
1,0.017069706693291664,0.04356931522488594,0.9980000257492065,0.9774999618530273,0.8340551853179932
1,0.0168317761272192,0.040860142558813095,0.9980000257492065,0.9774999618530273,0.8376061916351318
1,0.016681810840964317,0.041387882083654404,0.9980000257492065,0.9774999618530273,0.8415083885192871
1,0.016629701480269432,0.043742790818214417,0.9980000257492065,0.9799999594688416,0.8450486660003662
1,0.01657610572874546,0.03980368748307228,1.0,0.9774999618530273,0.8484635353088379
1,0.01650817319750786,0.04437835514545441,0.9980000257492065,0.9799999594688416,0.8518147468566895
1,0.016436034813523293,0.040965840220451355,0.999000072479248,0.9774999618530273,0.8554370403289795
1,0.01629958674311638,0.042778853327035904,0.9980000257492065,0.9799999594688416,0.8590328693389893
1,0.0161784328520298,0.04050784558057785,0.999000072479248,0.9774999618530273,0.8624343872070312
1,0.01596911996603012,0.04387936741113663,0.9980000257492065,0.9799999594688416,0.8657705783843994
1,0.01570984162390232,0.039539873600006104,0.999000072479248,0.9774999618530273,0.8694679737091064
1,0.015461076982319355,0.044153064489364624,0.999000072479248,0.9799999594688416,0.8729913234710693
1,0.01520351693034172,0.04023332521319389,0.999000072479248,0.9774999618530273,0.8767778873443604
1,0.015002908185124397,0.04064302146434784,0.999000072479248,0.9824999570846558,0.8803145885467529
1,0.014845537953078747,0.040629077702760696,0.999000072479248,0.9799999594688416,0.883974552154541
1,0.014692720025777817,0.03991048038005829,0.999000072479248,0.9799999594688416,0.8874104022979736
1,0.01456081960350275,0.04004347324371338,0.999000072479248,0.9799999594688416,0.8908576965332031
1,0.014460028149187565,0.03955378383398056,0.999000072479248,0.9774999618530273,0.8950848579406738
1,0.01440140139311552,0.040934424847364426,0.999000072479248,0.9799999594688416,0.8991796970367432
1,0.014401433989405632,0.03897489607334137,1.0,0.9774999618530273,0.9035186767578125
1,0.014420773833990097,0.04322334751486778,0.999000072479248,0.9799999594688416,0.9073507785797119
1,0.014479795470833778,0.03831201046705246,1.0,0.9799999594688416,0.9110260009765625
1,0.014598245732486248,0.04452916234731674,0.999000072479248,0.9799999594688416,0.9152915477752686
1,0.014833217486739159,0.03808419406414032,0.999000072479248,0.9799999594688416,0.9191155433654785
1,0.01503080502152443,0.0453963428735733,0.9980000257492065,0.9799999594688416,0.922555685043335
1,0.01527183223515749,0.038025546818971634,0.999000072479248,0.9774999618530273,0.9260232448577881
1,0.015437012538313866,0.04925848916172981,0.9960000514984131,0.9799999594688416,0.929706335067749
1,0.015389582142233849,0.03833946958184242,0.9970000386238098,0.9774999618530273,0.9334530830383301
1,0.015057594515383244,0.049075592309236526,0.9960000514984131,0.9799999594688416,0.9368648529052734
1,0.014292248524725437,0.037830330431461334,0.999000072479248,0.9799999594688416,0.9402265548706055
1,0.013469128869473934,0.04275776445865631,0.999000072479248,0.9824999570846558,0.9443154335021973
1,0.012921623885631561,0.03925156965851784,0.999000072479248,0.9824999570846558,0.947739839553833
1,0.012898441404104233,0.03801737353205681,1.0,0.9774999618530273,0.9511659145355225
1,0.013141787610948086,0.04279421642422676,0.999000072479248,0.9799999594688416,0.954615592956543
1,0.01332009769976139,0.036990199238061905,1.0,0.9824999570846558,0.9580240249633789
1,0.01323629729449749,0.04484507068991661,0.999000072479248,0.9774999618530273,0.9614861011505127
1,0.012902400456368923,0.038171567022800446,1.0,0.9774999618530273,0.9648880958557129
1,0.012534501031041145,0.04133716970682144,0.999000072479248,0.9799999594688416,0.9684391021728516
1,0.012289351783692837,0.039848409593105316,0.999000072479248,0.9799999594688416,0.9718167781829834
2,1.450490951538086,1.4502390623092651,0.1730000078678131,0.17249999940395355,0.0
2,1.118704915046692,1.1166136264801025,0.5720000267028809,0.5674999952316284,0.02622199058532715
2,0.9576563835144043,0.9503272175788879,0.6600000262260437,0.6825000047683716,0.03126192092895508
2,0.8674136400222778,0.8578492999076843,0.6510000228881836,0.6850000023841858,0.03483986854553223
2,0.8076187968254089,0.7943054437637329,0.6620000600814819,0.7074999809265137,0.0383145809173584
2,0.7655215263366699,0.7529111504554749,0.6710000038146973,0.7024999856948853,0.04201149940490723
2,0.7262170314788818,0.7175611257553101,0.6890000104904175,0.7224999666213989,0.04571962356567383
2,0.688071608543396,0.6811454892158508,0.7150000333786011,0.7450000047683716,0.04934549331665039
2,0.6500742435455322,0.6422836780548096,0.7310000061988831,0.7450000047683716,0.053687334060668945
2,0.6127207279205322,0.6075537204742432,0.737000048160553,0.7649999856948853,0.0578763484954834
2,0.5770115852355957,0.5784863829612732,0.7580000162124634,0.7774999737739563,0.06151270866394043
2,0.5431951284408569,0.5500895380973816,0.7780000567436218,0.7849999666213989,0.06509780883789062
2,0.5118188261985779,0.5204329490661621,0.7940000295639038,0.7949999570846558,0.06888628005981445
2,0.4844280481338501,0.49488720297813416,0.8060000538825989,0.79749995470047,0.07258200645446777
2,0.45855221152305603,0.473466694355011,0.8210000395774841,0.7999999523162842,0.07610702514648438
2,0.43512505292892456,0.4527322053909302,0.8400000333786011,0.8100000023841858,0.07955098152160645
2,0.41247987747192383,0.42911940813064575,0.843000054359436,0.8125,0.0829169750213623
2,0.3906494081020355,0.40817850828170776,0.8470000624656677,0.824999988079071,0.15351009368896484
2,0.3692602217197418,0.39143142104148865,0.8520000576972961,0.8349999785423279,0.15714454650878906
2,0.3487445116043091,0.3743990957736969,0.8630000352859497,0.8324999809265137,0.16095256805419922
2,0.32896122336387634,0.35427138209342957,0.8700000643730164,0.8424999713897705,0.16435456275939941
2,0.31010565161705017,0.3341038227081299,0.8790000677108765,0.8474999666213989,0.1682147979736328
2,0.29265862703323364,0.3151181936264038,0.9010000228881836,0.8574999570846558,0.17196297645568848
2,0.275785356760025,0.2963797152042389,0.9070000648498535,0.8725000023841858,0.17543649673461914
2,0.2598201036453247,0.2803838849067688,0.9160000681877136,0.887499988079071,0.17888951301574707
2,0.24411892890930176,0.26444900035858154,0.9330000281333923,0.9124999642372131,0.18242883682250977
2,0.2319243848323822,0.24758395552635193,0.9280000329017639,0.9149999618530273,0.18582749366760254
2,0.22446702420711517,0.2455623745918274,0.9340000152587891,0.9174999594688416,0.18971014022827148
2,0.2216624766588211,0.23708520829677582,0.9150000214576721,0.9049999713897705,0.19336366653442383
2,0.20813637971878052,0.23050503432750702,0.937000036239624,0.9199999570846558,0.19684720039367676
2,0.1891382783651352,0.20431475341320038,0.9440000653266907,0.9300000071525574,0.2007749080657959
2,0.19030818343162537,0.198066845536232,0.9280000329017639,0.9174999594688416,0.204298734664917
2,0.18029387295246124,0.19441454112529755,0.9390000700950623,0.9249999523162842,0.20777130126953125
2,0.1685774326324463,0.18488013744354248,0.9440000653266907,0.9300000071525574,0.21162772178649902
2,0.16745364665985107,0.17428722977638245,0.9380000233650208,0.9300000071525574,0.2150707244873047
2,0.15660569071769714,0.16689376533031464,0.9440000653266907,0.9375,0.21848225593566895
2,0.15409737825393677,0.1692417562007904,0.9490000605583191,0.9424999952316284,0.22188043594360352
2,0.1489974856376648,0.15101182460784912,0.9440000653266907,0.9424999952316284,0.22552108764648438
2,0.13895443081855774,0.1443486213684082,0.9500000476837158,0.9474999904632568,0.22927069664001465
2,0.1405368447303772,0.15419766306877136,0.9500000476837158,0.949999988079071,0.2326958179473877
2,0.13326860964298248,0.13306163251399994,0.956000030040741,0.9549999833106995,0.23622941970825195
2,0.1287868767976761,0.1312391310930252,0.9530000686645508,0.9524999856948853,0.23987555503845215
2,0.1279372125864029,0.1360558420419693,0.956000030040741,0.9524999856948853,0.24331307411193848
2,0.11982855945825577,0.12575781345367432,0.9490000605583191,0.9524999856948853,0.24733877182006836
2,0.11655731499195099,0.11581971496343613,0.9540000557899475,0.9549999833106995,0.2516059875488281
2,0.11599450558423996,0.12057027965784073,0.9590000510215759,0.9574999809265137,0.25537538528442383
2,0.10981247574090958,0.11615443229675293,0.9580000638961792,0.9574999809265137,0.25905919075012207
2,0.10738222301006317,0.1050805076956749,0.9590000510215759,0.9699999690055847,0.2624170780181885
2,0.11222440004348755,0.12878330051898956,0.956000030040741,0.9549999833106995,0.26580119132995605
2,0.11696537584066391,0.11089414358139038,0.956000030040741,0.9574999809265137,0.26940059661865234
2,0.12759442627429962,0.15948866307735443,0.9490000605583191,0.9300000071525574,0.27307844161987305
2,0.11470808833837509,0.11531156301498413,0.9590000510215759,0.9549999833106995,0.277069091796875
2,0.09927389025688171,0.09147624671459198,0.9590000510215759,0.9699999690055847,0.2813284397125244
2,0.11035933345556259,0.1252327710390091,0.9600000381469727,0.9474999904632568,0.2848813533782959
2,0.09976468980312347,0.10841440409421921,0.9610000252723694,0.9624999761581421,0.2883594036102295
2,0.09464844316244125,0.08894816040992737,0.9700000286102295,0.9699999690055847,0.29210829734802246
2,0.0982864573597908,0.10444897413253784,0.9620000720024109,0.9549999833106995,0.29607677459716797
2,0.09085406363010406,0.1002361848950386,0.968000054359436,0.9674999713897705,0.3000650405883789
2,0.08948969841003418,0.08834793418645859,0.9640000462532043,0.9674999713897705,0.30403685569763184
2,0.09224828332662582,0.09839004278182983,0.9650000333786011,0.9574999809265137,0.30779314041137695
2,0.08345553278923035,0.08916350454092026,0.968000054359436,0.9749999642372131,0.31133365631103516
2,0.08590013533830643,0.08676745742559433,0.968000054359436,0.9649999737739563,0.3148384094238281
2,0.08639918267726898,0.09422793239355087,0.971000075340271,0.9649999737739563,0.3184812068939209
2,0.07717036455869675,0.07696525752544403,0.9720000624656677,0.9749999642372131,0.3219172954559326
2,0.08220995962619781,0.08573266863822937,0.9670000672340393,0.9599999785423279,0.32594799995422363
2,0.08077140897512436,0.09690437465906143,0.9730000495910645,0.9574999809265137,0.330014705657959
2,0.07531885802745819,0.07434361428022385,0.9720000624656677,0.9749999642372131,0.3339056968688965
2,0.07543960213661194,0.07820678502321243,0.9740000367164612,0.9649999737739563,0.33769869804382324
2,0.07689695060253143,0.0934818834066391,0.9790000319480896,0.9674999713897705,0.3414034843444824
2,0.07124658674001694,0.07208189368247986,0.9720000624656677,0.9699999690055847,0.34501028060913086
2,0.0716637372970581,0.07563593238592148,0.9760000705718994,0.9749999642372131,0.34873151779174805
2,0.07090485841035843,0.0811784490942955,0.9770000576972961,0.9724999666213989,0.3521759510040283
2,0.06786493211984634,0.06975588947534561,0.9780000448226929,0.9724999666213989,0.35645103454589844
2,0.06752695888280869,0.07644212990999222,0.9770000576972961,0.9724999666213989,0.36028218269348145
2,0.06484103947877884,0.07286271452903748,0.9800000190734863,0.9699999690055847,0.3641490936279297
2,0.06393511593341827,0.06677459925413132,0.9800000190734863,0.9749999642372131,0.3678007125854492
2,0.0639151856303215,0.07953650504350662,0.9820000529289246,0.9674999713897705,0.37136316299438477
2,0.06301455944776535,0.06655582785606384,0.9760000705718994,0.9724999666213989,0.37482380867004395
2,0.05880264565348625,0.06734558194875717,0.9810000658035278,0.9724999666213989,0.3781852722167969
2,0.0605301707983017,0.0770447850227356,0.9810000658035278,0.9649999737739563,0.38215112686157227
2,0.062011413276195526,0.06279834359884262,0.9770000576972961,0.9699999690055847,0.3857839107513428
2,0.05924179032444954,0.07678348571062088,0.9830000400543213,0.9674999713897705,0.39043545722961426
2,0.055975817143917084,0.0637640729546547,0.9830000400543213,0.9749999642372131,0.395352840423584
2,0.057259462773799896,0.06650316715240479,0.9780000448226929,0.9674999713897705,0.39956068992614746
2,0.0563831627368927,0.07158695161342621,0.9860000610351562,0.9724999666213989,0.4034695625305176
2,0.05173267424106598,0.060126833617687225,0.9860000610351562,0.9724999666213989,0.40693068504333496
2,0.052458032965660095,0.06023382022976875,0.987000048160553,0.9774999618530273,0.4104957580566406
2,0.05239906162023544,0.06820686906576157,0.9890000224113464,0.9724999666213989,0.41431403160095215
2,0.05133900046348572,0.06096354126930237,0.9830000400543213,0.9699999690055847,0.4180150032043457
2,0.049158621579408646,0.055535174906253815,0.9830000400543213,0.9774999618530273,0.42146730422973633
2,0.050652895122766495,0.07174952328205109,0.9860000610351562,0.9649999737739563,0.4249091148376465
2,0.05358077958226204,0.054601382464170456,0.9800000190734863,0.9824999570846558,0.4286165237426758
2,0.05932367593050003,0.08951152861118317,0.9820000529289246,0.9549999833106995,0.43308138847351074
2,0.06791923195123672,0.06958229839801788,0.9630000591278076,0.9724999666213989,0.43665242195129395
2,0.10215387493371964,0.1626678705215454,0.9630000591278076,0.9449999928474426,0.5060293674468994
2,0.0952521562576294,0.090334951877594,0.9610000252723694,0.9549999833106995,0.5101063251495361
2,0.055146608501672745,0.08417229354381561,0.9800000190734863,0.9649999737739563,0.5141468048095703
2,0.07184801995754242,0.09300696104764938,0.971000075340271,0.9524999856948853,0.5179126262664795
2,0.06669406592845917,0.07237157225608826,0.9720000624656677,0.9674999713897705,0.5213940143585205
2,0.060549940913915634,0.07801283895969391,0.9720000624656677,0.9574999809265137,0.5251495838165283
2,0.057642582803964615,0.06964340806007385,0.9790000319480896,0.9674999713897705,0.5291619300842285
2,0.0630611777305603,0.06520076096057892,0.9760000705718994,0.9674999713897705,0.533106803894043
2,0.05235621705651283,0.057904940098524094,0.984000027179718,0.9749999642372131,0.5365254878997803
2,0.051436059176921844,0.0755220353603363,0.9790000319480896,0.9574999809265137,0.5399701595306396
2,0.053138937801122665,0.0711427554488182,0.9830000400543213,0.9624999761581421,0.5436789989471436
2,0.047986987978219986,0.06247821822762489,0.9860000610351562,0.9724999666213989,0.54720139503479
2,0.04745836555957794,0.05150013417005539,0.9880000352859497,0.9774999618530273,0.5507211685180664
2,0.045858290046453476,0.056721318513154984,0.9880000352859497,0.9749999642372131,0.5542194843292236
2,0.04525488615036011,0.0626477301120758,0.9880000352859497,0.9699999690055847,0.5582516193389893
2,0.043628621846437454,0.05711741000413895,0.9900000691413879,0.9749999642372131,0.5616812705993652
2,0.04437318444252014,0.056580495089292526,0.9900000691413879,0.9724999666213989,0.5656709671020508
2,0.04140099883079529,0.050004348158836365,0.9900000691413879,0.9774999618530273,0.5694007873535156
2,0.0431518629193306,0.06112874671816826,0.987000048160553,0.9699999690055847,0.5733158588409424
2,0.03960025683045387,0.055038779973983765,0.9900000691413879,0.9749999642372131,0.5766961574554443
2,0.04101724177598953,0.05122359097003937,0.9900000691413879,0.9749999642372131,0.5801913738250732
2,0.0391012579202652,0.05044279992580414,0.9900000691413879,0.9774999618530273,0.5840663909912109
2,0.038098059594631195,0.0523810088634491,0.9890000224113464,0.9774999618530273,0.5878901481628418
2,0.038704223930835724,0.052656494081020355,0.9880000352859497,0.9799999594688416,0.5912909507751465
2,0.0363464318215847,0.05164278671145439,0.9930000305175781,0.9774999618530273,0.5948843955993652
2,0.03737332671880722,0.05535482242703438,0.9920000433921814,0.9774999618530273,0.5988116264343262
2,0.035491444170475006,0.05070769786834717,0.9920000433921814,0.9749999642372131,0.6023035049438477
2,0.03556397184729576,0.053410328924655914,0.9890000224113464,0.9774999618530273,0.6057620048522949
2,0.03483159840106964,0.046835802495479584,0.9920000433921814,0.9824999570846558,0.609149694442749
2,0.03423701226711273,0.04592190682888031,0.9900000691413879,0.9749999642372131,0.6126992702484131
2,0.03404346853494644,0.05523679405450821,0.9930000305175781,0.9724999666213989,0.6161675453186035
2,0.033296167850494385,0.051937516778707504,0.9940000176429749,0.9724999666213989,0.6196587085723877
2,0.032457124441862106,0.046804022043943405,0.9940000176429749,0.9824999570846558,0.6231026649475098
2,0.032803744077682495,0.04814931005239487,0.9940000176429749,0.9824999570846558,0.6265764236450195
2,0.03132270276546478,0.04523806646466255,0.9930000305175781,0.9824999570846558,0.6300797462463379
2,0.03170457482337952,0.04902337118983269,0.9920000433921814,0.9749999642372131,0.633551836013794
2,0.030828185379505157,0.051142409443855286,0.9930000305175781,0.9724999666213989,0.6370720863342285
2,0.03075280413031578,0.04378470033407211,0.9940000176429749,0.9799999594688416,0.6407032012939453
2,0.030107863247394562,0.04549206420779228,0.9950000643730164,0.98499995470047,0.644176721572876
2,0.02975733019411564,0.04933306202292442,0.9940000176429749,0.9749999642372131,0.6478850841522217
2,0.02939690463244915,0.045202016830444336,0.9950000643730164,0.9774999618530273,0.651587724685669
2,0.02905133366584778,0.04487685114145279,0.9950000643730164,0.9824999570846558,0.6550478935241699
2,0.028416017070412636,0.044171448796987534,0.9940000176429749,0.98499995470047,0.658503532409668
2,0.02832147665321827,0.04506518319249153,0.9950000643730164,0.9824999570846558,0.662031888961792
2,0.027814604341983795,0.0466734804213047,0.9960000514984131,0.9799999594688416,0.6655011177062988
2,0.02758663520216942,0.04464186728000641,0.9940000176429749,0.9799999594688416,0.6693832874298096
2,0.027073973789811134,0.04573259502649307,0.9960000514984131,0.9749999642372131,0.6729490756988525
2,0.02682223543524742,0.043411437422037125,0.9960000514984131,0.9824999570846558,0.6768448352813721
2,0.026469307020306587,0.04291341453790665,0.9960000514984131,0.9874999523162842,0.6803586483001709
2,0.02609500288963318,0.04543133080005646,0.9960000514984131,0.9799999594688416,0.6838712692260742
2,0.02586878277361393,0.04365609958767891,0.9950000643730164,0.9774999618530273,0.6880080699920654
2,0.025401437655091286,0.04473939910531044,0.9970000386238098,0.9774999618530273,0.6914205551147461
2,0.025177251547574997,0.04322404786944389,0.9960000514984131,0.9799999594688416,0.6947469711303711
2,0.024801941588521004,0.04216071218252182,0.9970000386238098,0.9824999570846558,0.6981716156005859
2,0.024591391906142235,0.04378502815961838,0.9970000386238098,0.9799999594688416,0.7014575004577637
2,0.02425834722816944,0.04252440854907036,0.9970000386238098,0.9824999570846558,0.7049422264099121
2,0.024003731086850166,0.042799077928066254,0.9970000386238098,0.9824999570846558,0.708932638168335
2,0.023761942982673645,0.04169641062617302,0.9970000386238098,0.98499995470047,0.7131505012512207
2,0.023464156314730644,0.0427657887339592,0.9970000386238098,0.9799999594688416,0.7169694900512695
2,0.02323477528989315,0.04129992425441742,0.9970000386238098,0.9799999594688416,0.720571756362915
2,0.023012008517980576,0.04410881921648979,0.9970000386238098,0.9774999618530273,0.7240300178527832
2,0.022902609780430794,0.03946678340435028,0.9960000514984131,0.98499995470047,0.7278587818145752
2,0.022976169362664223,0.04566513001918793,0.9980000257492065,0.9749999642372131,0.7313933372497559
2,0.02353360690176487,0.03949953615665436,0.9950000643730164,0.9799999594688416,0.7348151206970215
2,0.025093810632824898,0.051322050392627716,0.9960000514984131,0.9724999666213989,0.7381575107574463
2,0.02922767773270607,0.04171743988990784,0.9910000562667847,0.9799999594688416,0.741919755935669
2,0.03466187044978142,0.07373064011335373,0.984000027179718,0.9599999785423279,0.7454428672790527
2,0.04211666062474251,0.04693286120891571,0.9810000658035278,0.9749999642372131,0.7489011287689209
2,0.04313746094703674,0.10031411051750183,0.9820000529289246,0.9574999809265137,0.7524964809417725
2,0.04576641321182251,0.04939226806163788,0.9810000658035278,0.9799999594688416,0.7560362815856934
2,0.034814175218343735,0.07078686356544495,0.9880000352859497,0.9674999713897705,0.7595005035400391
2,0.026602139696478844,0.06321819126605988,0.9970000386238098,0.9649999737739563,0.7631444931030273
2,0.040782444179058075,0.04091139882802963,0.9830000400543213,0.98499995470047,0.7671980857849121
2,0.033097460865974426,0.07003463059663773,0.9890000224113464,0.9649999737739563,0.7708139419555664
2,0.0312084648758173,0.06554047763347626,0.9940000176429749,0.9599999785423279,0.7743535041809082
2,0.03534846380352974,0.03743207827210426,0.9880000352859497,0.9874999523162842,0.7778012752532959
2,0.025960035622119904,0.050939444452524185,0.9930000305175781,0.9724999666213989,0.7812721729278564
2,0.029247215017676353,0.06720942258834839,0.9920000433921814,0.9699999690055847,0.8498377799987793
2,0.029015112668275833,0.034964121878147125,0.9920000433921814,0.9874999523162842,0.8534257411956787
2,0.025129053741693497,0.039926961064338684,0.9920000433921814,0.9824999570846558,0.8569855690002441
2,0.028314808383584023,0.07617435604333878,0.9910000562667847,0.9674999713897705,0.860626220703125
2,0.02228221483528614,0.04156352952122688,0.9950000643730164,0.9824999570846558,0.8643386363983154
2,0.026888135820627213,0.033891674131155014,0.9940000176429749,0.98499995470047,0.8681447505950928
2,0.024400675669312477,0.05283167213201523,0.9940000176429749,0.9774999618530273,0.8719019889831543
2,0.022297494113445282,0.048031434416770935,0.9970000386238098,0.9774999618530273,0.8758444786071777
2,0.02499617263674736,0.037339452654123306,0.9920000433921814,0.9774999618530273,0.8792054653167725
2,0.021915944293141365,0.04683954641222954,0.9950000643730164,0.9774999618530273,0.8826537132263184
2,0.023801004514098167,0.06157679110765457,0.9960000514984131,0.9674999713897705,0.8868100643157959
2,0.019789516925811768,0.037269726395606995,0.9980000257492065,0.98499995470047,0.8901772499084473
2,0.022584514692425728,0.0342775397002697,0.9960000514984131,0.9874999523162842,0.8935990333557129
2,0.02128823660314083,0.046918660402297974,0.9950000643730164,0.9724999666213989,0.8970751762390137
2,0.0195399709045887,0.044353436678647995,0.9970000386238098,0.9799999594688416,0.900526762008667
2,0.02071973867714405,0.036130424588918686,0.9970000386238098,0.98499995470047,0.9039192199707031
2,0.019581343978643417,0.04153809696435928,0.9980000257492065,0.9749999642372131,0.9073896408081055
2,0.02016417682170868,0.05424395576119423,0.9970000386238098,0.9749999642372131,0.9114339351654053
2,0.018025727942585945,0.038712386041879654,0.999000072479248,0.9824999570846558,0.9150600433349609
2,0.019658908247947693,0.03698551282286644,0.9970000386238098,0.9774999618530273,0.9185848236083984
2,0.019321857020258904,0.045908503234386444,0.9950000643730164,0.9774999618530273,0.9219367504119873
2,0.01771744340658188,0.04161274805665016,0.999000072479248,0.9749999642372131,0.9259507656097412
2,0.018371161073446274,0.034374743700027466,0.999000072479248,0.9774999618530273,0.9301173686981201
2,0.01799270324409008,0.04153202101588249,0.9980000257492065,0.9799999594688416,0.933967113494873
2,0.01820147968828678,0.046829983592033386,0.9960000514984131,0.9724999666213989,0.9377169609069824
2,0.016758399084210396,0.037674661725759506,0.999000072479248,0.9899999499320984,0.9415781497955322
2,0.017469316720962524,0.0370769277215004,0.999000072479248,0.9874999523162842,0.9453527927398682
2,0.01737261563539505,0.043617602437734604,0.999000072479248,0.9724999666213989,0.9488821029663086
2,0.016628827899694443,0.04265755042433739,0.999000072479248,0.9799999594688416,0.9529166221618652
2,0.016448158770799637,0.03534455597400665,0.999000072479248,0.98499995470047,0.9568865299224854
2,0.01640625298023224,0.03740634396672249,0.999000072479248,0.9774999618530273,0.9607555866241455
2,0.016581261530518532,0.042903315275907516,0.999000072479248,0.9799999594688416,0.9642741680145264
2,0.015648486092686653,0.037972163408994675,0.999000072479248,0.9799999594688416,0.9680674076080322
2,0.015847260132431984,0.03715774789452553,0.999000072479248,0.9774999618530273,0.9718923568725586
2,0.015947045758366585,0.043221816420555115,0.9980000257492065,0.9799999594688416,0.975942850112915
2,0.015492229722440243,0.041790761053562164,0.999000072479248,0.9724999666213989,0.9795174598693848
2,0.015251262113451958,0.036957379430532455,0.999000072479248,0.9874999523162842,0.9829516410827637
2,0.015137819573283195,0.03822080045938492,0.999000072479248,0.98499995470047,0.987123966217041
2,0.01531292125582695,0.04070303961634636,0.999000072479248,0.9774999618530273,0.9912090301513672
3,1.3913012742996216,1.395877718925476,0.23900000751018524,0.2224999964237213,0.0
3,1.0769810676574707,1.0680596828460693,0.5590000152587891,0.5399999618530273,0.026889801025390625
3,0.926583468914032,0.9095621705055237,0.6290000081062317,0.6599999666213989,0.03168821334838867
3,0.8523090481758118,0.840648889541626,0.6200000047683716,0.6349999904632568,0.03523993492126465
3,0.7920671701431274,0.7870407104492188,0.6290000081062317,0.6800000071525574,0.03917074203491211
3,0.7483039498329163,0.7460596561431885,0.6500000357627869,0.6800000071525574,0.0426027774810791
3,0.7061540484428406,0.7079269289970398,0.6780000329017639,0.7024999856948853,0.04608154296875
3,0.6694226264953613,0.675365686416626,0.7090000510215759,0.7274999618530273,0.05012702941894531
3,0.6312555074691772,0.6352919340133667,0.7310000061988831,0.7450000047683716,0.05345034599304199
3,0.5937536358833313,0.5948192477226257,0.7450000643730164,0.762499988079071,0.05673646926879883
3,0.5582115054130554,0.562410831451416,0.7630000114440918,0.7849999666213989,0.060120344161987305
3,0.524708092212677,0.5368536114692688,0.7770000100135803,0.7849999666213989,0.06340837478637695
3,0.4914899170398712,0.5085985660552979,0.7890000343322754,0.7899999618530273,0.06684398651123047
3,0.4581317603588104,0.4745780825614929,0.8050000667572021,0.79749995470047,0.07016992568969727
3,0.42903053760528564,0.44690564274787903,0.8250000476837158,0.8050000071525574,0.07357549667358398
3,0.4016685485839844,0.42512208223342896,0.8450000286102295,0.8149999976158142,0.07691502571105957
3,0.37666332721710205,0.39985913038253784,0.8610000610351562,0.8299999833106995,0.08028292655944824
3,0.35367509722709656,0.37103545665740967,0.8710000514984131,0.8499999642372131,0.1549694538116455
3,0.33182141184806824,0.35198065638542175,0.8710000514984131,0.8474999666213989,0.15898752212524414
3,0.31099140644073486,0.3355858623981476,0.8810000419616699,0.8499999642372131,0.1625535488128662
3,0.29006749391555786,0.31281933188438416,0.9020000696182251,0.8675000071525574,0.16602635383605957
3,0.2719546854496002,0.2958603799343109,0.9140000343322754,0.8725000023841858,0.16944456100463867
3,0.2564093768596649,0.28315669298171997,0.9200000166893005,0.8824999928474426,0.1729440689086914
3,0.24028103053569794,0.2646559476852417,0.9270000457763672,0.8949999809265137,0.17644357681274414
3,0.22701197862625122,0.2503601610660553,0.9260000586509705,0.9074999690055847,0.17992663383483887
3,0.22170627117156982,0.2423369288444519,0.9280000329017639,0.9124999642372131,0.18328046798706055
3,0.22823750972747803,0.251588374376297,0.9030000567436218,0.8824999928474426,0.18681025505065918
3,0.2103140652179718,0.23305660486221313,0.9270000457763672,0.8999999761581421,0.19024062156677246
3,0.18661367893218994,0.20228441059589386,0.9380000233650208,0.9274999499320984,0.19378924369812012
3,0.1947580873966217,0.2204793095588684,0.9270000457763672,0.8974999785423279,0.19762158393859863
3,0.1715688556432724,0.18940895795822144,0.9410000443458557,0.9325000047683716,0.2010343074798584
3,0.1737079918384552,0.18069787323474884,0.937000036239624,0.9424999952316284,0.20459771156311035
3,0.1591459959745407,0.17565712332725525,0.9460000395774841,0.9325000047683716,0.20798325538635254
3,0.1565624624490738,0.18033893406391144,0.9480000734329224,0.9300000071525574,0.21135330200195312
3,0.15001413226127625,0.1526620090007782,0.9480000734329224,0.949999988079071,0.2147819995880127
3,0.14284268021583557,0.14044387638568878,0.9460000395774841,0.9624999761581421,0.21816706657409668
3,0.1397475302219391,0.1581147015094757,0.9510000348091125,0.9375,0.22178936004638672
3,0.1314672827720642,0.14725005626678467,0.9530000686645508,0.9424999952316284,0.2252178192138672
3,0.130808025598526,0.13028556108474731,0.9470000267028809,0.9649999737739563,0.228654146194458
3,0.12026116251945496,0.1273142248392105,0.9570000171661377,0.9599999785423279,0.2321484088897705
3,0.12277501076459885,0.13795189559459686,0.9520000219345093,0.9399999976158142,0.23549818992614746
3,0.11334981769323349,0.11779218912124634,0.9540000557899475,0.9599999785423279,0.23897671699523926
3,0.11360380798578262,0.11526407301425934,0.9580000638961792,0.9699999690055847,0.24259114265441895
3,0.1072944775223732,0.11205288022756577,0.9620000720024109,0.9549999833106995,0.24627280235290527
3,0.10397116094827652,0.11365285515785217,0.9620000720024109,0.9549999833106995,0.24992871284484863
3,0.10301470011472702,0.10712950676679611,0.9580000638961792,0.9724999666213989,0.2540292739868164
3,0.09831850230693817,0.09699994325637817,0.9630000591278076,0.9699999690055847,0.25811338424682617
3,0.09852428734302521,0.1078583300113678,0.9650000333786011,0.9599999785423279,0.2617919445037842
3,0.09544222801923752,0.10761802643537521,0.9640000462532043,0.9624999761581421,0.2652254104614258
3,0.09639010578393936,0.09437347203493118,0.9610000252723694,0.9674999713897705,0.26865601539611816
3,0.10055013000965118,0.11598575860261917,0.9660000205039978,0.9574999809265137,0.27213144302368164
3,0.10333428531885147,0.1100955381989479,0.9600000381469727,0.9574999809265137,0.27552270889282227
3,0.09816685318946838,0.12014061212539673,0.9660000205039978,0.9549999833106995,0.27898716926574707
3,0.08733409643173218,0.08238783478736877,0.9660000205039978,0.9724999666213989,0.2826266288757324
3,0.08351491391658783,0.08653132617473602,0.971000075340271,0.9649999737739563,0.28649234771728516
3,0.08824276924133301,0.11405961215496063,0.968000054359436,0.9599999785423279,0.28995513916015625
3,0.08704079687595367,0.08445300906896591,0.9630000591278076,0.9699999690055847,0.2939589023590088
3,0.0804593563079834,0.08595220744609833,0.971000075340271,0.9624999761581421,0.2977309226989746
3,0.07732301950454712,0.08604484796524048,0.9770000576972961,0.9699999690055847,0.30156660079956055
3,0.07305174320936203,0.0783376395702362,0.9760000705718994,0.9724999666213989,0.3050847053527832
3,0.07796277105808258,0.09113287180662155,0.9700000286102295,0.9649999737739563,0.3085606098175049
3,0.07255468517541885,0.07993564009666443,0.9760000705718994,0.9649999737739563,0.3119354248046875
3,0.07293213158845901,0.08879894018173218,0.9760000705718994,0.9574999809265137,0.31549763679504395
3,0.06694066524505615,0.07863163203001022,0.9780000448226929,0.9674999713897705,0.3189389705657959
3,0.06709007173776627,0.06779251992702484,0.9760000705718994,0.9699999690055847,0.32230567932128906
3,0.06408394873142242,0.08532276749610901,0.9800000190734863,0.9599999785423279,0.3263247013092041
3,0.06107529625296593,0.06967027485370636,0.984000027179718,0.9699999690055847,0.33000802993774414
3,0.06073906645178795,0.0650857612490654,0.9820000529289246,0.9699999690055847,0.3337879180908203
3,0.05840139836072922,0.0760103240609169,0.9810000658035278,0.9649999737739563,0.33723926544189453
3,0.058935459703207016,0.07117354869842529,0.984000027179718,0.9674999713897705,0.3405497074127197
3,0.05626669526100159,0.06946423649787903,0.9860000610351562,0.9699999690055847,0.3439667224884033
3,0.05459866672754288,0.06500110775232315,0.9810000658035278,0.9674999713897705,0.3473324775695801
3,0.05477519705891609,0.07331555336713791,0.9850000739097595,0.9624999761581421,0.3507251739501953
3,0.05318198353052139,0.07222036272287369,0.987000048160553,0.9649999737739563,0.3540349006652832
3,0.058253880590200424,0.06028198078274727,0.9790000319480896,0.9699999690055847,0.35730934143066406
3,0.06832749396562576,0.09281769394874573,0.9780000448226929,0.9599999785423279,0.3605983257293701
3,0.11098634451627731,0.17230640351772308,0.9550000429153442,0.9449999928474426,0.3639843463897705
3,0.13172267377376556,0.13225433230400085,0.9420000314712524,0.9350000023841858,0.367539644241333
3,0.14984701573848724,0.20751512050628662,0.9440000653266907,0.9249999523162842,0.372178316116333
3,0.10099002718925476,0.11026453226804733,0.9630000591278076,0.9549999833106995,0.3761756420135498
3,0.10816716402769089,0.11006733775138855,0.956000030040741,0.9599999785423279,0.3796412944793701
3,0.07848634570837021,0.12987156212329865,0.971000075340271,0.9524999856948853,0.3829934597015381
3,0.09843689948320389,0.13005685806274414,0.9580000638961792,0.9449999928474426,0.38707590103149414
3,0.07382239401340485,0.06436224281787872,0.9740000367164612,0.9774999618530273,0.39091944694519043
3,0.0874410942196846,0.09077664464712143,0.9610000252723694,0.9549999833106995,0.3943636417388916
3,0.0764373242855072,0.10271650552749634,0.9670000672340393,0.949999988079071,0.3977479934692383
3,0.07618261128664017,0.11231312900781631,0.9730000495910645,0.9474999904632568,0.4012937545776367
3,0.06760318577289581,0.08084822446107864,0.9760000705718994,0.9699999690055847,0.4050881862640381
3,0.07610604912042618,0.0795985758304596,0.9700000286102295,0.9599999785423279,0.4089179039001465
3,0.060166314244270325,0.06763853877782822,0.9770000576972961,0.9699999690055847,0.41257596015930176
3,0.06384654343128204,0.08814559876918793,0.9760000705718994,0.9574999809265137,0.41660094261169434
3,0.06700527667999268,0.08902668207883835,0.9760000705718994,0.9574999809265137,0.4200575351715088
3,0.054550204426050186,0.06744654476642609,0.9820000529289246,0.9724999666213989,0.4237942695617676
3,0.05917133763432503,0.06520114094018936,0.9790000319480896,0.9724999666213989,0.42714905738830566
3,0.05680691823363304,0.06900777667760849,0.9820000529289246,0.9674999713897705,0.4938466548919678
3,0.05211002379655838,0.07022002339363098,0.9860000610351562,0.9674999713897705,0.4974048137664795
3,0.05232846736907959,0.06888210028409958,0.984000027179718,0.9699999690055847,0.5009293556213379
3,0.05065080523490906,0.06516507267951965,0.9860000610351562,0.9699999690055847,0.5056192874908447
3,0.05030416324734688,0.06144919991493225,0.9810000658035278,0.9674999713897705,0.5090169906616211
3,0.04637843742966652,0.057989347726106644,0.987000048160553,0.9749999642372131,0.5125486850738525
3,0.048527006059885025,0.06234775856137276,0.9850000739097595,0.9674999713897705,0.5162031650543213
3,0.044577669352293015,0.059960585087537766,0.987000048160553,0.9749999642372131,0.5202925205230713
3,0.04434143006801605,0.06014864519238472,0.9900000691413879,0.9724999666213989,0.523622989654541
3,0.04478966444730759,0.06105692684650421,0.987000048160553,0.9724999666213989,0.5269873142242432
3,0.040722887963056564,0.057000964879989624,0.9900000691413879,0.9749999642372131,0.5307779312133789
3,0.04237711802124977,0.059414833784103394,0.9860000610351562,0.9674999713897705,0.5343718528747559
3,0.04092210531234741,0.05849983170628548,0.9890000224113464,0.9699999690055847,0.537700891494751
3,0.039165858179330826,0.05461639538407326,0.9920000433921814,0.9699999690055847,0.5414419174194336
3,0.03945326432585716,0.05415986105799675,0.9910000562667847,0.9749999642372131,0.5449755191802979
3,0.0383993498980999,0.05638369917869568,0.9910000562667847,0.9649999737739563,0.5483810901641846
3,0.03727235645055771,0.05798725038766861,0.9910000562667847,0.9699999690055847,0.5518167018890381
3,0.03699639067053795,0.057336047291755676,0.9910000562667847,0.9699999690055847,0.5557045936584473
3,0.03642170876264572,0.051609352231025696,0.9910000562667847,0.9799999594688416,0.5590965747833252
3,0.03532883897423744,0.050843220204114914,0.9920000433921814,0.9774999618530273,0.5624332427978516
3,0.03542862460017204,0.05445264279842377,0.9890000224113464,0.9724999666213989,0.5658295154571533
3,0.03411905840039253,0.05475957319140434,0.9890000224113464,0.9724999666213989,0.5691463947296143
3,0.03381764516234398,0.052095476537942886,0.9910000562667847,0.9774999618530273,0.57242751121521
3,0.03367464616894722,0.0522134006023407,0.9920000433921814,0.9749999642372131,0.575721263885498
3,0.03246169164776802,0.054959990084171295,0.9920000433921814,0.9749999642372131,0.5791304111480713
3,0.03243749216198921,0.05534389987587929,0.9910000562667847,0.9749999642372131,0.5824775695800781
3,0.031807079911231995,0.05089066922664642,0.9910000562667847,0.9749999642372131,0.585890531539917
3,0.03116004727780819,0.04849153384566307,0.9920000433921814,0.9774999618530273,0.5891954898834229
3,0.030871683731675148,0.04969462752342224,0.9920000433921814,0.9774999618530273,0.5925018787384033
3,0.030341608449816704,0.05023793876171112,0.9940000176429749,0.9749999642372131,0.5961647033691406
3,0.029810205101966858,0.04899417981505394,0.9930000305175781,0.9774999618530273,0.5994558334350586
3,0.029533136636018753,0.049054548144340515,0.9930000305175781,0.9774999618530273,0.60280442237854
3,0.029067421332001686,0.049959696829319,0.9910000562667847,0.9774999618530273,0.6060638427734375
3,0.02858057990670204,0.05079042539000511,0.9940000176429749,0.9749999642372131,0.6093719005584717
3,0.028265714645385742,0.051029156893491745,0.9940000176429749,0.9749999642372131,0.6129851341247559
3,0.02777946926653385,0.049143485724925995,0.9940000176429749,0.9749999642372131,0.6165127754211426
3,0.0274395402520895,0.046838611364364624,0.9950000643730164,0.9799999594688416,0.6203150749206543
3,0.027016647160053253,0.04698353260755539,0.9940000176429749,0.9799999594688416,0.6242797374725342
3,0.026630157604813576,0.04843742400407791,0.9940000176429749,0.9774999618530273,0.6278774738311768
3,0.026255808770656586,0.048148058354854584,0.9950000643730164,0.9774999618530273,0.6315243244171143
3,0.025959596037864685,0.047211743891239166,0.9950000643730164,0.9774999618530273,0.6356096267700195
3,0.025559453293681145,0.048343971371650696,0.9940000176429749,0.9774999618530273,0.6391463279724121
3,0.02530994825065136,0.04847992956638336,0.9940000176429749,0.9774999618530273,0.6426081657409668
3,0.024884628131985664,0.04617232456803322,0.9950000643730164,0.9774999618530273,0.6460473537445068
3,0.024591781198978424,0.04538268223404884,0.9950000643730164,0.9774999618530273,0.6494705677032471
3,0.024285629391670227,0.046995822340250015,0.9950000643730164,0.9774999618530273,0.6530897617340088
3,0.023999156430363655,0.04744044691324234,0.9950000643730164,0.9774999618530273,0.6564731597900391
3,0.02369096502661705,0.045552436262369156,0.9950000643730164,0.9774999618530273,0.6598255634307861
3,0.023447861894965172,0.04482315480709076,0.9950000643730164,0.9774999618530273,0.6635258197784424
3,0.023153910413384438,0.04544772207736969,0.9950000643730164,0.9774999618530273,0.6668610572814941
3,0.023044919595122337,0.046263083815574646,0.9950000643730164,0.9749999642372131,0.6706743240356445
3,0.023132456466555595,0.046374354511499405,0.9940000176429749,0.9774999618530273,0.6743154525756836
3,0.024026332423090935,0.04846632853150368,0.9940000176429749,0.9699999690055847,0.677692174911499
3,0.026257986202836037,0.0554000660777092,0.9930000305175781,0.9699999690055847,0.6811513900756836
3,0.02710442990064621,0.05581491068005562,0.9940000176429749,0.9649999737739563,0.6845571994781494
3,0.02695530839264393,0.06091797351837158,0.9920000433921814,0.9699999690055847,0.6880025863647461
3,0.022099850699305534,0.045186854898929596,0.9950000643730164,0.9749999642372131,0.691490888595581
3,0.025008540600538254,0.049743738025426865,0.9940000176429749,0.9724999666213989,0.6948299407958984
3,0.02924714982509613,0.06832292675971985,0.9900000691413879,0.9699999690055847,0.6984219551086426
3,0.023633914068341255,0.051400844007730484,0.9960000514984131,0.9724999666213989,0.7026448249816895
3,0.025250067934393883,0.048267606645822525,0.9960000514984131,0.9699999690055847,0.7067272663116455
3,0.028447240591049194,0.0587608627974987,0.9910000562667847,0.9724999666213989,0.7101244926452637
3,0.024800239130854607,0.05533332750201225,0.9930000305175781,0.9674999713897705,0.7139346599578857
3,0.023791803047060966,0.04266975075006485,0.9940000176429749,0.9699999690055847,0.7175016403198242
3,0.027162257581949234,0.04776813089847565,0.9910000562667847,0.9799999594688416,0.72135329246521
3,0.025196272879838943,0.058377351611852646,0.9950000643730164,0.9674999713897705,0.7248256206512451
3,0.022304581478238106,0.045915961265563965,0.9940000176429749,0.9699999690055847,0.7283892631530762
3,0.025073066353797913,0.04389749839901924,0.9920000433921814,0.9749999642372131,0.73185133934021
3,0.024002643302083015,0.05336469039320946,0.9940000176429749,0.9699999690055847,0.735255241394043
3,0.020247437059879303,0.046292733401060104,0.9960000514984131,0.9724999666213989,0.738696813583374
3,0.02384261041879654,0.04359589144587517,0.9930000305175781,0.9749999642372131,0.7421362400054932
3,0.020414618775248528,0.044316746294498444,0.9950000643730164,0.9774999618530273,0.7454304695129395
3,0.020740455016493797,0.04832876846194267,0.9960000514984131,0.9749999642372131,0.7489306926727295
3,0.020748572424054146,0.04463059455156326,0.9950000643730164,0.9749999642372131,0.7525889873504639
3,0.0200409684330225,0.043977290391922,0.9960000514984131,0.9699999690055847,0.756213903427124
3,0.02065829001367092,0.04916255176067352,0.9950000643730164,0.9774999618530273,0.7597596645355225
3,0.018136756494641304,0.042400483042001724,0.9970000386238098,0.9749999642372131,0.7636690139770508
3,0.01977834664285183,0.04180706664919853,0.9950000643730164,0.9749999642372131,0.8315174579620361
3,0.01857106201350689,0.046777959913015366,0.9970000386238098,0.9749999642372131,0.8350887298583984
3,0.018665123730897903,0.04584937170147896,0.9960000514984131,0.9774999618530273,0.8388364315032959
3,0.01830829307436943,0.039993032813072205,0.9970000386238098,0.9774999618530273,0.8426632881164551
3,0.01742527447640896,0.043315328657627106,0.999000072479248,0.9774999618530273,0.8460526466369629
3,0.017858251929283142,0.04656107723712921,0.9970000386238098,0.9749999642372131,0.8495357036590576
3,0.01728096231818199,0.04073140025138855,0.9980000257492065,0.9824999570846558,0.8532366752624512
3,0.017028100788593292,0.039067238569259644,0.999000072479248,0.9799999594688416,0.8568472862243652
3,0.016950838267803192,0.04444098472595215,0.9970000386238098,0.9749999642372131,0.8606011867523193
3,0.016513586044311523,0.04345273599028587,0.9980000257492065,0.9774999618530273,0.8640458583831787
3,0.01686462201178074,0.03972245007753372,0.999000072479248,0.9799999594688416,0.8676295280456543
3,0.016042103990912437,0.04140415042638779,0.999000072479248,0.9749999642372131,0.8715531826019287
3,0.01614878512918949,0.043614670634269714,0.9980000257492065,0.9749999642372131,0.8749616146087646
3,0.01599186845123768,0.0405486524105072,1.0,0.9799999594688416,0.8785362243652344
3,0.015697574242949486,0.04025288671255112,1.0,0.9799999594688416,0.8825705051422119
3,0.0157151035964489,0.04265369102358818,0.999000072479248,0.9774999618530273,0.8859574794769287
3,0.015279262326657772,0.04082655534148216,0.999000072479248,0.9749999642372131,0.8893444538116455
3,0.015240142121911049,0.039138372987508774,0.999000072479248,0.9799999594688416,0.8928229808807373
3,0.015134129673242569,0.04161743074655533,0.999000072479248,0.9799999594688416,0.8962666988372803
3,0.015001367777585983,0.042282868176698685,0.999000072479248,0.9774999618530273,0.8999629020690918
3,0.015179218724370003,0.04072898253798485,1.0,0.9774999618530273,0.9034292697906494
3,0.01496252790093422,0.0416158065199852,0.999000072479248,0.9799999594688416,0.9070899486541748
3,0.014868151396512985,0.04225827753543854,0.999000072479248,0.9774999618530273,0.9104547500610352
3,0.014846044592559338,0.04317742958664894,0.999000072479248,0.9799999594688416,0.9139888286590576
3,0.014488114975392818,0.042199015617370605,0.999000072479248,0.9774999618530273,0.9174909591674805
3,0.014312628656625748,0.04273414611816406,0.999000072479248,0.9799999594688416,0.9215304851531982
3,0.01400391012430191,0.0409771203994751,0.999000072479248,0.9774999618530273,0.9251911640167236
3,0.013698526658117771,0.04099585860967636,0.999000072479248,0.9749999642372131,0.9285995960235596
3,0.013668364845216274,0.04066123068332672,0.999000072479248,0.9774999618530273,0.9321131706237793
3,0.013585669919848442,0.03990306332707405,0.999000072479248,0.9774999618530273,0.935532808303833
3,0.013580995611846447,0.04159718379378319,1.0,0.9774999618530273,0.9388904571533203
3,0.013528745621442795,0.04083715006709099,0.999000072479248,0.9799999594688416,0.9423973560333252
3,0.013453641906380653,0.04011447727680206,1.0,0.9824999570846558,0.9457359313964844
3,0.013409283012151718,0.04077587649226189,0.999000072479248,0.9774999618530273,0.9491097927093506
3,0.013358420692384243,0.04356575384736061,0.999000072479248,0.9774999618530273,0.9525725841522217
3,0.01329847052693367,0.0418611615896225,0.999000072479248,0.9799999594688416,0.9559226036071777
3,0.013293514959514141,0.041851337999105453,1.0,0.9799999594688416,0.9593055248260498
