run_id,train_loss,test_loss,train_acc,test_acc,time
1,1.4416917562484741,1.4436901807785034,0.23100000619888306,0.23499999940395355,0.0
1,1.4009264707565308,1.4031684398651123,0.2370000183582306,0.22999998927116394,0.026462554931640625
1,1.3662065267562866,1.3685907125473022,0.3110000193119049,0.2750000059604645,0.03183627128601074
1,1.335817813873291,1.3381199836730957,0.39400002360343933,0.36249998211860657,0.03555750846862793
1,1.307713508605957,1.310003399848938,0.5200000405311584,0.47749999165534973,0.03899073600769043
1,1.2813942432403564,1.2837175130844116,0.6320000290870667,0.6200000047683716,0.042783260345458984
1,1.2561933994293213,1.258565902709961,0.687000036239624,0.6850000023841858,0.046048641204833984
1,1.2315728664398193,1.2344181537628174,0.6990000605583191,0.699999988079071,0.04933524131774902
1,1.2069634199142456,1.2103817462921143,0.6960000395774841,0.7024999856948853,0.05288386344909668
1,1.1820648908615112,1.1858285665512085,0.6760000586509705,0.6725000143051147,0.05616641044616699
1,1.1566448211669922,1.160764217376709,0.6670000553131104,0.6599999666213989,0.05951952934265137
1,1.130670428276062,1.1349526643753052,0.6650000214576721,0.6574999690055847,0.0633692741394043
1,1.1043057441711426,1.1086187362670898,0.6630000472068787,0.6725000143051147,0.06666421890258789
1,1.0777981281280518,1.0818510055541992,0.6720000505447388,0.7024999856948853,0.07013654708862305
1,1.051436424255371,1.054996371269226,0.6830000281333923,0.7049999833106995,0.07356524467468262
1,1.0255464315414429,1.0284479856491089,0.6830000281333923,0.7099999785423279,0.07680439949035645
1,1.000477910041809,1.002739429473877,0.6740000247955322,0.699999988079071,0.08055591583251953
1,0.9764835834503174,0.9780016541481018,0.6680000424385071,0.6850000023841858,0.15457749366760254
1,0.9535340070724487,0.9543881416320801,0.6620000600814819,0.6725000143051147,0.15822720527648926
1,0.9316157698631287,0.9319841265678406,0.6500000357627869,0.6775000095367432,0.1616818904876709
1,0.9106846451759338,0.9106236100196838,0.6450000405311584,0.6649999618530273,0.16500329971313477
1,0.8907362222671509,0.8901464343070984,0.6360000371932983,0.6474999785423279,0.16874980926513672
1,0.8718119263648987,0.8704371452331543,0.6290000081062317,0.6449999809265137,0.17239665985107422
1,0.8539513945579529,0.8514804244041443,0.6300000548362732,0.6424999833106995,0.1757662296295166
1,0.8372305035591125,0.8334386944770813,0.6370000243186951,0.6524999737739563,0.17954564094543457
1,0.8217123746871948,0.8164498805999756,0.6370000243186951,0.6624999642372131,0.18284344673156738
1,0.8073028326034546,0.8004618287086487,0.64000004529953,0.6674999594688416,0.18604683876037598
1,0.7937146425247192,0.785419225692749,0.64000004529953,0.6699999570846558,0.18972563743591309
1,0.7807567119598389,0.7712394595146179,0.6420000195503235,0.6725000143051147,0.19306588172912598
1,0.768272340297699,0.7580509185791016,0.6410000324249268,0.6674999594688416,0.1964428424835205
1,0.7562866806983948,0.7459086775779724,0.6420000195503235,0.6725000143051147,0.19963717460632324
1,0.7446731328964233,0.7347126603126526,0.6450000405311584,0.6725000143051147,0.20295214653015137
1,0.7332770824432373,0.7242801785469055,0.6500000357627869,0.6800000071525574,0.20634078979492188
1,0.721910297870636,0.714202344417572,0.656000018119812,0.6899999976158142,0.2095165252685547
1,0.7105985283851624,0.7042267322540283,0.6600000262260437,0.6924999952316284,0.21381735801696777
1,0.6993910670280457,0.694328784942627,0.6660000085830688,0.7074999809265137,0.2183380126953125
1,0.6884478330612183,0.6847743988037109,0.675000011920929,0.7074999809265137,0.22193074226379395
1,0.6778588891029358,0.6756382584571838,0.7040000557899475,0.7224999666213989,0.22515034675598145
1,0.6676692366600037,0.6669908165931702,0.7160000205039978,0.7324999570846558,0.2288954257965088
1,0.6578009724617004,0.6588963866233826,0.7240000367164612,0.73499995470047,0.23207616806030273
1,0.6482683420181274,0.6512870788574219,0.7300000190734863,0.7425000071525574,0.23553943634033203
1,0.6390259265899658,0.6440268754959106,0.7320000529289246,0.7475000023841858,0.23887038230895996
1,0.6300712823867798,0.636644184589386,0.7360000610351562,0.7549999952316284,0.2423839569091797
1,0.6213642358779907,0.628987193107605,0.7400000095367432,0.7524999976158142,0.24579071998596191
1,0.6126853823661804,0.620932936668396,0.7450000643730164,0.7524999976158142,0.24967455863952637
1,0.6040858626365662,0.6125261187553406,0.7470000386238098,0.7524999976158142,0.2530326843261719
1,0.5958030819892883,0.6040055155754089,0.7500000596046448,0.7549999952316284,0.25640201568603516
1,0.587844967842102,0.5956288576126099,0.7560000419616699,0.7574999928474426,0.259824275970459
1,0.5801241993904114,0.5875518321990967,0.7610000371932983,0.7649999856948853,0.2632017135620117
1,0.572638988494873,0.5798063278198242,0.76500004529953,0.7649999856948853,0.26685047149658203
1,0.56545490026474,0.5724338293075562,0.7670000195503235,0.7674999833106995,0.27011585235595703
1,0.5586608052253723,0.5653796195983887,0.7720000147819519,0.7699999809265137,0.2740473747253418
1,0.5522133111953735,0.5585204362869263,0.7750000357627869,0.7724999785423279,0.2779383659362793
1,0.5460084080696106,0.5518461465835571,0.7750000357627869,0.7774999737739563,0.28119897842407227
1,0.5399843454360962,0.54547119140625,0.7780000567436218,0.7749999761581421,0.28446078300476074
1,0.5341799855232239,0.5395305752754211,0.784000039100647,0.7774999737739563,0.28796911239624023
1,0.528556764125824,0.5341585278511047,0.7860000133514404,0.7774999737739563,0.29160618782043457
1,0.5230847597122192,0.5293073654174805,0.7870000600814819,0.7774999737739563,0.294846773147583
1,0.5176777839660645,0.5248019695281982,0.7900000214576721,0.7799999713897705,0.29840564727783203
1,0.5123986601829529,0.5205751657485962,0.7920000553131104,0.7799999713897705,0.30168747901916504
1,0.5072019696235657,0.5166487693786621,0.7930000424385071,0.7799999713897705,0.3057842254638672
1,0.5021821856498718,0.5131301283836365,0.7910000085830688,0.7824999690055847,0.30929040908813477
1,0.49727851152420044,0.5100005865097046,0.7940000295639038,0.7849999666213989,0.3125131130218506
1,0.4924675226211548,0.5071060061454773,0.7970000505447388,0.7874999642372131,0.3159615993499756
1,0.4877060353755951,0.5041368007659912,0.800000011920929,0.7874999642372131,0.3191952705383301
1,0.4831285774707794,0.5010327696800232,0.8030000329017639,0.7874999642372131,0.32297730445861816
1,0.47876402735710144,0.4978537857532501,0.8060000538825989,0.7849999666213989,0.32674574851989746
1,0.4744773507118225,0.4944523572921753,0.8050000667572021,0.7874999642372131,0.3300809860229492
1,0.4701572358608246,0.49081024527549744,0.8060000538825989,0.7924999594688416,0.33330726623535156
1,0.46582722663879395,0.4870011806488037,0.8070000410079956,0.79749995470047,0.3370530605316162
1,0.46148958802223206,0.4829295873641968,0.8090000152587891,0.79749995470047,0.34029173851013184
1,0.4571220278739929,0.4786517024040222,0.8110000491142273,0.7949999570846558,0.3436007499694824
1,0.45271995663642883,0.4741836190223694,0.8100000619888306,0.7999999523162842,0.3475027084350586
1,0.44836732745170593,0.4696817696094513,0.8080000281333923,0.7999999523162842,0.35079193115234375
1,0.4440678656101227,0.46529385447502136,0.8130000233650208,0.7999999523162842,0.3543696403503418
1,0.4398268163204193,0.46125519275665283,0.8160000443458557,0.8025000095367432,0.357755184173584
1,0.43566182255744934,0.45751622319221497,0.8180000185966492,0.8025000095367432,0.36101651191711426
1,0.4315168857574463,0.45399990677833557,0.8210000395774841,0.8025000095367432,0.36465930938720703
1,0.42738214135169983,0.4506525695323944,0.8250000476837158,0.8050000071525574,0.3683028221130371
1,0.42320677638053894,0.44744881987571716,0.8250000476837158,0.8050000071525574,0.3717038631439209
1,0.41898515820503235,0.4444488286972046,0.8270000219345093,0.8075000047683716,0.37508559226989746
1,0.41476747393608093,0.4416811764240265,0.8290000557899475,0.8075000047683716,0.3784759044647217
1,0.4105440080165863,0.43892014026641846,0.8300000429153442,0.8075000047683716,0.38201475143432617
1,0.40633222460746765,0.4359089136123657,0.831000030040741,0.8125,0.3859539031982422
1,0.4020986557006836,0.4325937032699585,0.831000030040741,0.8149999976158142,0.3893394470214844
1,0.3978690803050995,0.42914652824401855,0.831000030040741,0.8174999952316284,0.3928544521331787
1,0.39362022280693054,0.42572617530822754,0.8340000510215759,0.8224999904632568,0.39627623558044434
1,0.3893190026283264,0.4223259687423706,0.8350000381469727,0.824999988079071,0.39978766441345215
1,0.38495466113090515,0.4187996983528137,0.8380000591278076,0.8174999952316284,0.4031403064727783
1,0.38053610920906067,0.4151591956615448,0.8420000672340393,0.8199999928474426,0.4064509868621826
1,0.3760836124420166,0.41154393553733826,0.8450000286102295,0.8224999904632568,0.40996289253234863
1,0.3716350197792053,0.4080778956413269,0.8470000624656677,0.8224999904632568,0.4133415222167969
1,0.3671615421772003,0.4046420753002167,0.8500000238418579,0.8224999904632568,0.4165520668029785
1,0.3626875579357147,0.4010767340660095,0.8540000319480896,0.8224999904632568,0.41979289054870605
1,0.3581923246383667,0.3973970413208008,0.8560000658035278,0.8224999904632568,0.49217653274536133
1,0.3536701798439026,0.39373165369033813,0.8580000400543213,0.8224999904632568,0.4956974983215332
1,0.34912174940109253,0.39019569754600525,0.859000027179718,0.8224999904632568,0.49941205978393555
1,0.344565212726593,0.3866727352142334,0.8610000610351562,0.824999988079071,0.5034923553466797
1,0.3400034010410309,0.3830864429473877,0.862000048160553,0.8274999856948853,0.5069530010223389
1,0.33540451526641846,0.3792993426322937,0.862000048160553,0.8274999856948853,0.5103788375854492
1,0.3307923972606659,0.37522706389427185,0.8650000691413879,0.824999988079071,0.5138068199157715
1,0.3261963129043579,0.3709709644317627,0.8680000305175781,0.824999988079071,0.5172045230865479
1,0.32159194350242615,0.3666016459465027,0.8690000176429749,0.8274999856948853,0.5205419063568115
1,0.31698140501976013,0.3620561957359314,0.8730000257492065,0.8324999809265137,0.5240325927734375
1,0.3124036490917206,0.3572957515716553,0.8770000338554382,0.8349999785423279,0.5273268222808838
1,0.3078579604625702,0.35233592987060547,0.8810000419616699,0.8349999785423279,0.530609130859375
1,0.3034198582172394,0.3473208248615265,0.8860000371932983,0.8374999761581421,0.534111499786377
1,0.29906585812568665,0.34242573380470276,0.8870000243186951,0.8399999737739563,0.5373380184173584
1,0.2948327660560608,0.3377397656440735,0.89000004529953,0.8399999737739563,0.5407390594482422
1,0.2907028794288635,0.3329654932022095,0.8910000324249268,0.8424999713897705,0.5441710948944092
1,0.28655490279197693,0.3281630575656891,0.893000066280365,0.8474999666213989,0.5474073886871338
1,0.28244853019714355,0.32339659333229065,0.8970000147819519,0.8524999618530273,0.5507750511169434
1,0.2783629596233368,0.3189204931259155,0.9020000696182251,0.8524999618530273,0.5545468330383301
1,0.2742806375026703,0.3147250711917877,0.9020000696182251,0.8499999642372131,0.557877779006958
1,0.27016013860702515,0.31067344546318054,0.9030000567436218,0.8499999642372131,0.561152458190918
1,0.266084223985672,0.30652713775634766,0.9050000309944153,0.8524999618530273,0.5644252300262451
1,0.26206162571907043,0.30208247900009155,0.9070000648498535,0.8549999594688416,0.5676870346069336
1,0.2581363022327423,0.29736289381980896,0.9080000519752502,0.8675000071525574,0.5709474086761475
1,0.25429022312164307,0.2927161157131195,0.909000039100647,0.8675000071525574,0.5743389129638672
1,0.25052475929260254,0.28849145770072937,0.9120000600814819,0.8700000047683716,0.5780632495880127
1,0.24686095118522644,0.2847761809825897,0.9160000681877136,0.8725000023841858,0.5821564197540283
1,0.24323901534080505,0.2811864912509918,0.9160000681877136,0.8849999904632568,0.5855863094329834
1,0.23975205421447754,0.2775171101093292,0.9190000295639038,0.8849999904632568,0.588860273361206
1,0.23636077344417572,0.2739754021167755,0.9190000295639038,0.8899999856948853,0.592365026473999
1,0.23302339017391205,0.27056801319122314,0.9190000295639038,0.8974999785423279,0.5956594944000244
1,0.22973887622356415,0.26691141724586487,0.9190000295639038,0.8974999785423279,0.5995972156524658
1,0.22644950449466705,0.2631145715713501,0.9230000376701355,0.8949999809265137,0.6032333374023438
1,0.22305260598659515,0.2592937648296356,0.9240000247955322,0.8999999761581421,0.6064817905426025
1,0.21949367225170135,0.25541070103645325,0.9250000715255737,0.8999999761581421,0.609705924987793
1,0.21596096456050873,0.2516244947910309,0.9260000586509705,0.9024999737739563,0.6134581565856934
1,0.2128269374370575,0.24808913469314575,0.9280000329017639,0.8999999761581421,0.6168804168701172
1,0.21004241704940796,0.24472929537296295,0.9320000410079956,0.9074999690055847,0.6206958293914795
1,0.20725668966770172,0.24143587052822113,0.9340000152587891,0.9099999666213989,0.6241168975830078
1,0.2043917030096054,0.2382201999425888,0.9340000152587891,0.9099999666213989,0.6274018287658691
1,0.20155282318592072,0.23524270951747894,0.9330000281333923,0.9124999642372131,0.6312386989593506
1,0.19875328242778778,0.23199805617332458,0.9320000410079956,0.9099999666213989,0.6344907283782959
1,0.19600103795528412,0.22850124537944794,0.9330000281333923,0.9124999642372131,0.6377608776092529
1,0.1932680904865265,0.22483453154563904,0.9330000281333923,0.9124999642372131,0.6415371894836426
1,0.19059047102928162,0.22101087868213654,0.9330000281333923,0.9149999618530273,0.6448755264282227
1,0.1879579871892929,0.21804781258106232,0.9330000281333923,0.9149999618530273,0.648125410079956
1,0.1854543834924698,0.21493709087371826,0.9340000152587891,0.9149999618530273,0.6515543460845947
1,0.1831645965576172,0.21238397061824799,0.9350000619888306,0.9149999618530273,0.6548020839691162
1,0.180955708026886,0.20934872329235077,0.9350000619888306,0.9149999618530273,0.6580066680908203
1,0.17877759039402008,0.20636063814163208,0.9350000619888306,0.9124999642372131,0.6615252494812012
1,0.17655016481876373,0.20410379767417908,0.9360000491142273,0.9124999642372131,0.6648023128509521
1,0.1743295043706894,0.2015361338853836,0.9350000619888306,0.9174999594688416,0.6680569648742676
1,0.1721763014793396,0.1997789889574051,0.9380000233650208,0.9174999594688416,0.6715438365936279
1,0.1701257973909378,0.19733530282974243,0.9380000233650208,0.9174999594688416,0.674823522567749
1,0.16819119453430176,0.19529105722904205,0.9410000443458557,0.9174999594688416,0.6782245635986328
1,0.16629618406295776,0.19317954778671265,0.9420000314712524,0.9199999570846558,0.6821098327636719
1,0.16440001130104065,0.19094787538051605,0.9420000314712524,0.92249995470047,0.685420036315918
1,0.16248588263988495,0.18865598738193512,0.9440000653266907,0.92249995470047,0.6886992454528809
1,0.1606070101261139,0.18623419106006622,0.9430000185966492,0.9249999523162842,0.6921670436859131
1,0.15878218412399292,0.18372079730033875,0.9430000185966492,0.9300000071525574,0.6954200267791748
1,0.1570483148097992,0.18146224319934845,0.9440000653266907,0.9300000071525574,0.6991152763366699
1,0.15539385378360748,0.17900289595127106,0.9440000653266907,0.9325000047683716,0.7023978233337402
1,0.15380924940109253,0.1772131770849228,0.9450000524520874,0.9350000023841858,0.7057344913482666
1,0.15226247906684875,0.17568276822566986,0.9450000524520874,0.9325000047683716,0.7095859050750732
1,0.15077105164527893,0.17434623837471008,0.9460000395774841,0.9325000047683716,0.712805986404419
1,0.1493472456932068,0.17229284346103668,0.9460000395774841,0.9325000047683716,0.7160181999206543
1,0.1479949653148651,0.17026777565479279,0.9460000395774841,0.9325000047683716,0.7195887565612793
1,0.14669857919216156,0.16843575239181519,0.9470000267028809,0.9325000047683716,0.7228915691375732
1,0.14542023837566376,0.16713109612464905,0.9470000267028809,0.9325000047683716,0.7262711524963379
1,0.14416086673736572,0.16612619161605835,0.9470000267028809,0.9350000023841858,0.7298049926757812
1,0.14293144643306732,0.1652110517024994,0.9460000395774841,0.9350000023841858,0.7332661151885986
1,0.14174818992614746,0.16370902955532074,0.9460000395774841,0.9350000023841858,0.7367932796478271
1,0.1405850648880005,0.1623840183019638,0.9470000267028809,0.9325000047683716,0.7410001754760742
1,0.1394537091255188,0.16015884280204773,0.9490000605583191,0.9350000023841858,0.745490550994873
1,0.1383155882358551,0.15961889922618866,0.9480000734329224,0.9325000047683716,0.749201774597168
1,0.13720451295375824,0.15714043378829956,0.9490000605583191,0.9375,0.7529408931732178
1,0.13614776730537415,0.15724511444568634,0.9490000605583191,0.9325000047683716,0.7562177181243896
1,0.13509806990623474,0.15282030403614044,0.9520000219345093,0.9399999976158142,0.8340165615081787
1,0.1339631974697113,0.15482337772846222,0.9480000734329224,0.9325000047683716,0.8383712768554688
1,0.13252043724060059,0.14885979890823364,0.9510000348091125,0.9375,0.8421981334686279
1,0.130573570728302,0.15040740370750427,0.9480000734329224,0.9300000071525574,0.8458595275878906
1,0.12911541759967804,0.14678139984607697,0.9510000348091125,0.9350000023841858,0.8494691848754883
1,0.12852934002876282,0.14451788365840912,0.9530000686645508,0.9375,0.8529207706451416
1,0.12803944945335388,0.14625319838523865,0.9520000219345093,0.9350000023841858,0.8570270538330078
1,0.12707924842834473,0.1415863186120987,0.9540000557899475,0.9424999952316284,0.860999584197998
1,0.1260097324848175,0.14193163812160492,0.9520000219345093,0.9375,0.8646516799926758
1,0.12528471648693085,0.14216069877147675,0.9520000219345093,0.9350000023841858,0.8681042194366455
1,0.12465949356555939,0.139217808842659,0.9540000557899475,0.9399999976158142,0.8716704845428467
1,0.1236824244260788,0.1407059282064438,0.9510000348091125,0.9350000023841858,0.875178337097168
1,0.12263710796833038,0.1387420892715454,0.9530000686645508,0.9375,0.8789899349212646
1,0.1218523308634758,0.13718034327030182,0.9540000557899475,0.9399999976158142,0.8823299407958984
1,0.12107094377279282,0.13840001821517944,0.9550000429153442,0.9399999976158142,0.8860058784484863
1,0.12010866403579712,0.1347542405128479,0.9570000171661377,0.9474999904632568,0.8893013000488281
1,0.11932830512523651,0.13370615243911743,0.956000030040741,0.949999988079071,0.8931210041046143
1,0.11872551590204239,0.1342615932226181,0.956000030040741,0.9474999904632568,0.8968985080718994
1,0.11809150129556656,0.1317395716905594,0.956000030040741,0.949999988079071,0.9003138542175293
1,0.11735555529594421,0.13215786218643188,0.956000030040741,0.9474999904632568,0.9038617610931396
1,0.11669179052114487,0.13135290145874023,0.9550000429153442,0.949999988079071,0.9076156616210938
1,0.11607363075017929,0.12948019802570343,0.956000030040741,0.9549999833106995,0.9117269515991211
1,0.11538460105657578,0.13026736676692963,0.9550000429153442,0.9524999856948853,0.9157674312591553
1,0.11463354527950287,0.12808731198310852,0.9550000429153442,0.9524999856948853,0.9190375804901123
1,0.11398115009069443,0.12692642211914062,0.9550000429153442,0.9524999856948853,0.92270827293396
1,0.11337993294000626,0.12734752893447876,0.9570000171661377,0.949999988079071,0.926795482635498
1,0.11275671422481537,0.12548620998859406,0.9570000171661377,0.9524999856948853,0.9301965236663818
1,0.11214601248502731,0.1250302642583847,0.956000030040741,0.9524999856948853,0.9334797859191895
1,0.11158937960863113,0.12472132593393326,0.9550000429153442,0.9524999856948853,0.9372117519378662
1,0.11104269325733185,0.12318723648786545,0.9570000171661377,0.9524999856948853,0.9412732124328613
1,0.11049408465623856,0.12337609380483627,0.9570000171661377,0.9524999856948853,0.9448823928833008
1,0.10996706783771515,0.12265899032354355,0.956000030040741,0.9524999856948853,0.9483013153076172
1,0.10948466509580612,0.12169347703456879,0.9580000638961792,0.9524999856948853,0.9515979290008545
1,0.10899035632610321,0.12167035043239594,0.9570000171661377,0.9524999856948853,0.9561328887939453
1,0.1084737479686737,0.12006399780511856,0.9580000638961792,0.9524999856948853,0.9607465267181396
1,0.1079445406794548,0.11946477741003036,0.9580000638961792,0.9524999856948853,0.9642198085784912
1,0.10745202004909515,0.11903828382492065,0.9590000510215759,0.9524999856948853,0.9679601192474365
1,0.10695068538188934,0.11755306273698807,0.9600000381469727,0.9524999856948853,0.9754130840301514
1,0.10644614696502686,0.117620088160038,0.9590000510215759,0.9549999833106995,0.9791426658630371
1,0.10593026131391525,0.11645723134279251,0.9610000252723694,0.9549999833106995,0.9825012683868408
1,0.10543499141931534,0.11545628309249878,0.9610000252723694,0.9549999833106995,0.9863214492797852
1,0.10497714579105377,0.11540117114782333,0.9630000591278076,0.9574999809265137,0.9903426170349121
1,0.10452412068843842,0.11441396921873093,0.9620000720024109,0.9549999833106995,0.9945061206817627
1,0.10407676547765732,0.11431483179330826,0.9610000252723694,0.9599999785423279,0.9981234073638916
1,0.10361696034669876,0.11423767358064651,0.9620000720024109,0.9574999809265137,1.0021867752075195
1,0.10314974933862686,0.11315181851387024,0.9630000591278076,0.9549999833106995,1.0060434341430664
1,0.10269726067781448,0.11257705092430115,0.9620000720024109,0.9599999785423279,1.009335994720459
1,0.10224099457263947,0.11211345344781876,0.9620000720024109,0.9574999809265137,1.013010025024414
1,0.10176827758550644,0.11121456325054169,0.9620000720024109,0.9549999833106995,1.0170025825500488
1,0.10131023079156876,0.11137308180332184,0.9650000333786011,0.9549999833106995,1.0204613208770752
1,0.10084834694862366,0.11052320152521133,0.9640000462532043,0.9574999809265137,1.024536371231079
1,0.10039586573839188,0.11049915105104446,0.9640000462532043,0.9574999809265137,1.0278244018554688
1,0.09994309395551682,0.11014256626367569,0.9660000205039978,0.9574999809265137,1.0311472415924072
1,0.09951144456863403,0.10989833623170853,0.9660000205039978,0.9574999809265137,1.0348117351531982
1,0.09907904267311096,0.10973306745290756,0.9660000205039978,0.9574999809265137,1.0380949974060059
1,0.09866491705179214,0.10871215909719467,0.9650000333786011,0.9574999809265137,1.0414471626281738
1,0.09826549887657166,0.10918314754962921,0.9660000205039978,0.9549999833106995,1.0447747707366943
1,0.09786719083786011,0.10802885890007019,0.9650000333786011,0.9574999809265137,1.0481221675872803
1,0.09750612080097198,0.10826584696769714,0.9660000205039978,0.9574999809265137,1.0515036582946777
1,0.09717154502868652,0.10791663825511932,0.9670000672340393,0.9549999833106995,1.054774522781372
1,0.09678501635789871,0.10722126811742783,0.9660000205039978,0.9574999809265137,1.0582261085510254
1,0.09644033759832382,0.10728704184293747,0.9660000205039978,0.9574999809265137,1.061919927597046
1,0.09612146764993668,0.10741850733757019,0.9660000205039978,0.9549999833106995,1.0658719539642334
1,0.09573350846767426,0.10665356367826462,0.9660000205039978,0.9574999809265137,1.0696930885314941
1,0.0954112783074379,0.10577493906021118,0.9660000205039978,0.9574999809265137,1.0740349292755127
1,0.09509894996881485,0.10560183227062225,0.9660000205039978,0.9549999833106995,1.0776517391204834
1,0.09472943097352982,0.10525540262460709,0.9660000205039978,0.9574999809265137,1.081495761871338
1,0.0944247618317604,0.1043069139122963,0.9650000333786011,0.9549999833106995,1.0850069522857666
1,0.09411212056875229,0.10559656471014023,0.9660000205039978,0.9574999809265137,1.0883619785308838
1,0.0937637910246849,0.1036752238869667,0.9660000205039978,0.9549999833106995,1.092618703842163
1,0.09344232082366943,0.10406047105789185,0.9670000672340393,0.9549999833106995,1.0962350368499756
1,0.0930957943201065,0.10270370543003082,0.9660000205039978,0.9574999809265137,1.0994863510131836
1,0.09276991337537766,0.10318146646022797,0.9660000205039978,0.9574999809265137,1.1034574508666992
1,0.092434823513031,0.10196259617805481,0.9670000672340393,0.9574999809265137,1.1069402694702148
1,0.09211203455924988,0.10243453830480576,0.9660000205039978,0.9574999809265137,1.1102499961853027
1,0.09180470556020737,0.10163062065839767,0.9660000205039978,0.9574999809265137,1.113907814025879
1,0.09147535264492035,0.10169527679681778,0.9660000205039978,0.9574999809265137,1.1171751022338867
1,0.09116087108850479,0.10097036510705948,0.9670000672340393,0.9574999809265137,1.191565752029419
1,0.09085053205490112,0.10104753822088242,0.9660000205039978,0.9574999809265137,1.1950592994689941
1,0.0905514657497406,0.10019932687282562,0.9670000672340393,0.9599999785423279,1.1984493732452393
1,0.0902520939707756,0.10023194551467896,0.9670000672340393,0.9574999809265137,1.2036936283111572
1,0.08995121717453003,0.09987000375986099,0.9670000672340393,0.9574999809265137,1.2076470851898193
1,0.08965066820383072,0.09971640259027481,0.9670000672340393,0.9574999809265137,1.212184190750122
1,0.08934719860553741,0.09954410791397095,0.9670000672340393,0.9574999809265137,1.2165822982788086
1,0.08904893696308136,0.09892912209033966,0.9670000672340393,0.9599999785423279,1.2208280563354492
1,0.08875434845685959,0.0988304615020752,0.9670000672340393,0.9599999785423279,1.2241814136505127
1,0.08845211565494537,0.09853057563304901,0.9670000672340393,0.9599999785423279,1.2276945114135742
1,0.08816208690404892,0.09891807287931442,0.9670000672340393,0.9574999809265137,1.2312712669372559
1,0.08787161111831665,0.0976417139172554,0.9670000672340393,0.9574999809265137,1.2346432209014893
1,0.08760378509759903,0.09922102093696594,0.968000054359436,0.9574999809265137,1.2379109859466553
1,0.08738531172275543,0.09607066959142685,0.968000054359436,0.9599999785423279,1.241415023803711
1,0.08720870316028595,0.10011959820985794,0.968000054359436,0.9574999809265137,1.244753122329712
1,0.0871199518442154,0.09460841119289398,0.9670000672340393,0.9624999761581421,1.2481117248535156
1,0.08696279674768448,0.10158698260784149,0.9690000414848328,0.9549999833106995,1.2514474391937256
1,0.0867329016327858,0.09434443712234497,0.9660000205039978,0.9599999785423279,1.2547454833984375
1,0.0861787274479866,0.10035620629787445,0.9690000414848328,0.9549999833106995,1.2579779624938965
1,0.0854857861995697,0.09449075907468796,0.9700000286102295,0.9649999737739563,1.2613465785980225
1,0.0850154310464859,0.09563398361206055,0.9700000286102295,0.9649999737739563,1.2646105289459229
1,0.08486683666706085,0.09799588471651077,0.9690000414848328,0.9574999809265137,1.2684218883514404
1,0.08473711460828781,0.09336739778518677,0.9700000286102295,0.9624999761581421,1.2717313766479492
1,0.08433273434638977,0.09831316024065018,0.9690000414848328,0.9599999785423279,1.2749638557434082
1,0.08380027860403061,0.09405234456062317,0.9700000286102295,0.9624999761581421,1.2785975933074951
1,0.0833963081240654,0.09489676356315613,0.971000075340271,0.9674999713897705,1.2818725109100342
1,0.08319591730833054,0.09629691392183304,0.971000075340271,0.9624999761581421,1.2852733135223389
1,0.0830276608467102,0.09226211905479431,0.9700000286102295,0.9624999761581421,1.2889025211334229
1,0.082725390791893,0.09583285450935364,0.9700000286102295,0.9624999761581421,1.292412519454956
1,0.08233142644166946,0.09232150763273239,0.971000075340271,0.9649999737739563,1.2957477569580078
1,0.08202139288187027,0.09260065853595734,0.971000075340271,0.9674999713897705,1.2997331619262695
1,0.08183649182319641,0.0943586602807045,0.971000075340271,0.9649999737739563,1.303035020828247
1,0.08161260932683945,0.09082726389169693,0.971000075340271,0.9649999737739563,1.306666374206543
1,0.08128032833337784,0.0937768816947937,0.9720000624656677,0.9649999737739563,1.3101701736450195
1,0.0809125155210495,0.09141480177640915,0.9720000624656677,0.9624999761581421,1.3136928081512451
1,0.08065012842416763,0.09120768308639526,0.971000075340271,0.9649999737739563,1.3169186115264893
1,0.0804450511932373,0.09276294708251953,0.971000075340271,0.9649999737739563,1.3201408386230469
1,0.08023848384618759,0.08959650993347168,0.971000075340271,0.9649999737739563,1.3235621452331543
1,0.07994606345891953,0.09187816828489304,0.971000075340271,0.9649999737739563,1.3268780708312988
1,0.07962045818567276,0.08982022106647491,0.9720000624656677,0.9624999761581421,1.3302805423736572
1,0.07934217900037766,0.08961749076843262,0.9720000624656677,0.9624999761581421,1.3336381912231445
1,0.07912298291921616,0.0907493606209755,0.971000075340271,0.9649999737739563,1.3369266986846924
1,0.0788789689540863,0.08834460377693176,0.9720000624656677,0.9649999737739563,1.340350866317749
1,0.07857035845518112,0.09028024971485138,0.971000075340271,0.9624999761581421,1.3437116146087646
1,0.07827243953943253,0.08846602588891983,0.971000075340271,0.9624999761581421,1.347130298614502
1,0.07799603044986725,0.08850064128637314,0.971000075340271,0.9624999761581421,1.3504583835601807
1,0.07779928296804428,0.0898590162396431,0.971000075340271,0.9599999785423279,1.3536977767944336
1,0.07756523042917252,0.08711376786231995,0.9720000624656677,0.9624999761581421,1.3574244976043701
1,0.07728447765111923,0.08909375220537186,0.9720000624656677,0.9624999761581421,1.360666036605835
1,0.07699880003929138,0.08727271109819412,0.971000075340271,0.9624999761581421,1.3641526699066162
1,0.07670538127422333,0.08715362846851349,0.9720000624656677,0.9624999761581421,1.3678765296936035
1,0.07644030451774597,0.08752226829528809,0.9730000495910645,0.9624999761581421,1.3714110851287842
1,0.07623188942670822,0.08655078709125519,0.971000075340271,0.9624999761581421,1.3749449253082275
1,0.0759843960404396,0.08753436803817749,0.9730000495910645,0.9624999761581421,1.378436803817749
1,0.07570669054985046,0.08598479628562927,0.9720000624656677,0.9624999761581421,1.3819513320922852
1,0.0754629522562027,0.08684400469064713,0.9720000624656677,0.9624999761581421,1.3857743740081787
1,0.07519936561584473,0.08610063791275024,0.9730000495910645,0.9624999761581421,1.3890266418457031
1,0.07494454085826874,0.0854678526520729,0.9720000624656677,0.9624999761581421,1.3925762176513672
1,0.0747123435139656,0.08655861020088196,0.9730000495910645,0.9624999761581421,1.3958017826080322
1,0.0744742751121521,0.08497465401887894,0.9720000624656677,0.9624999761581421,1.3990538120269775
1,0.07420670241117477,0.0858180969953537,0.9720000624656677,0.9624999761581421,1.4026038646697998
1,0.07395568490028381,0.08505796641111374,0.9730000495910645,0.9624999761581421,1.405996322631836
1,0.07371317595243454,0.08496363461017609,0.9730000495910645,0.9624999761581421,1.409522294998169
1,0.07345545291900635,0.08501145243644714,0.9730000495910645,0.9624999761581421,1.412764310836792
1,0.07321886718273163,0.08421256393194199,0.9720000624656677,0.9649999737739563,1.416973352432251
1,0.0729757696390152,0.08485592156648636,0.9730000495910645,0.9624999761581421,1.420445442199707
1,0.07273928076028824,0.0835675299167633,0.9730000495910645,0.9649999737739563,1.4241607189178467
1,0.07250706851482391,0.0847441554069519,0.9730000495910645,0.9624999761581421,1.4275758266448975
1,0.07223855704069138,0.08324122428894043,0.9730000495910645,0.9649999737739563,1.4310665130615234
1,0.07199425995349884,0.08354561030864716,0.9730000495910645,0.9649999737739563,1.4343595504760742
1,0.07174461334943771,0.08311403542757034,0.9730000495910645,0.9649999737739563,1.4377362728118896
1,0.07151123881340027,0.08310828357934952,0.9740000367164612,0.9649999737739563,1.4411776065826416
1,0.07126812636852264,0.08268830180168152,0.9740000367164612,0.9649999737739563,1.4448654651641846
2,1.3299891948699951,1.3293026685714722,0.4010000228881836,0.35749998688697815,0.0
2,1.3033685684204102,1.303266167640686,0.5390000343322754,0.5049999952316284,0.03141283988952637
2,1.2785345315933228,1.2786933183670044,0.5690000057220459,0.574999988079071,0.03595590591430664
2,1.2536154985427856,1.2539644241333008,0.5760000348091125,0.5674999952316284,0.03997516632080078
2,1.2284843921661377,1.229053020477295,0.5700000524520874,0.5649999976158142,0.04382205009460449
2,1.2025117874145508,1.2030593156814575,0.5660000443458557,0.5575000047683716,0.04721331596374512
2,1.1759581565856934,1.176315426826477,0.5710000395774841,0.5525000095367432,0.051212310791015625
2,1.148917555809021,1.1488754749298096,0.578000009059906,0.5699999928474426,0.05504941940307617
2,1.12152898311615,1.120937466621399,0.581000030040741,0.5799999833106995,0.05840873718261719
2,1.0941072702407837,1.0927739143371582,0.578000009059906,0.5849999785423279,0.06226706504821777
2,1.0669034719467163,1.0647058486938477,0.5770000219345093,0.5899999737739563,0.06587767601013184
2,1.0403614044189453,1.0371030569076538,0.5790000557899475,0.5924999713897705,0.06958913803100586
2,1.0147550106048584,1.0103092193603516,0.5850000381469727,0.6024999618530273,0.07298803329467773
2,0.990324079990387,0.9847336411476135,0.5900000333786011,0.6074999570846558,0.0763700008392334
2,0.9671210646629333,0.9607006907463074,0.5890000462532043,0.6100000143051147,0.08019351959228516
2,0.9451702237129211,0.9383626580238342,0.5890000462532043,0.6024999618530273,0.08365559577941895
2,0.9244780540466309,0.9178995490074158,0.5940000414848328,0.6024999618530273,0.08714866638183594
2,0.9052225351333618,0.8994274735450745,0.5960000157356262,0.6024999618530273,0.17158198356628418
2,0.887702465057373,0.8829575181007385,0.597000002861023,0.6049999594688416,0.17525124549865723
2,0.8719688653945923,0.8684742450714111,0.6010000109672546,0.6150000095367432,0.17913484573364258
2,0.8580343723297119,0.8558630347251892,0.6060000061988831,0.6150000095367432,0.18264341354370117
2,0.8456929922103882,0.8447047472000122,0.6050000190734863,0.6100000143051147,0.1859893798828125
2,0.8346986770629883,0.8346021771430969,0.6060000061988831,0.6100000143051147,0.1896824836730957
2,0.824908971786499,0.8254258632659912,0.6040000319480896,0.6175000071525574,0.19359731674194336
2,0.8162499666213989,0.8171599507331848,0.6030000448226929,0.6200000047683716,0.19727325439453125
2,0.8085227012634277,0.8099109530448914,0.6040000319480896,0.6200000047683716,0.20066308975219727
2,0.8013774752616882,0.8036213517189026,0.6040000319480896,0.6175000071525574,0.20467448234558105
2,0.7945613265037537,0.7980854511260986,0.6060000061988831,0.6274999976158142,0.20922088623046875
2,0.787799060344696,0.7930020689964294,0.6110000014305115,0.6349999904632568,0.21274852752685547
2,0.7810367345809937,0.7881017327308655,0.6180000305175781,0.637499988079071,0.2165994644165039
2,0.7742698192596436,0.7831575274467468,0.6220000386238098,0.6349999904632568,0.2200472354888916
2,0.7674936652183533,0.7780115604400635,0.6220000386238098,0.6299999952316284,0.2234935760498047
2,0.7607594132423401,0.7724405527114868,0.6210000514984131,0.6299999952316284,0.22714567184448242
2,0.7540605068206787,0.7663979530334473,0.6210000514984131,0.6274999976158142,0.2306842803955078
2,0.7474192976951599,0.7599610686302185,0.6230000257492065,0.6349999904632568,0.23403120040893555
2,0.7408924102783203,0.753507137298584,0.6310000419616699,0.6399999856948853,0.23742079734802246
2,0.7344938516616821,0.747304379940033,0.6360000371932983,0.6499999761581421,0.24082446098327637
2,0.7281963229179382,0.7415087223052979,0.64000004529953,0.6549999713897705,0.24400973320007324
2,0.7219973802566528,0.7360602021217346,0.6450000405311584,0.6574999690055847,0.24780011177062988
2,0.7158803343772888,0.7309716939926147,0.6480000019073486,0.6599999666213989,0.25115227699279785
2,0.7097904682159424,0.7261592149734497,0.6550000309944153,0.6624999642372131,0.25467419624328613
2,0.7037529349327087,0.7214416265487671,0.6580000519752502,0.6624999642372131,0.2580840587615967
2,0.6977403163909912,0.7164488434791565,0.6620000600814819,0.6699999570846558,0.26137232780456543
2,0.6916717290878296,0.7111223340034485,0.6640000343322754,0.675000011920929,0.26573610305786133
2,0.6855063438415527,0.7055256366729736,0.6710000038146973,0.6850000023841858,0.26918625831604004
2,0.6793237924575806,0.6996040344238281,0.6740000247955322,0.6875,0.27292418479919434
2,0.6731215715408325,0.693497896194458,0.6780000329017639,0.6949999928474426,0.27655816078186035
2,0.6668911576271057,0.6872455477714539,0.6790000200271606,0.6924999952316284,0.28006577491760254
2,0.6605241894721985,0.6807752251625061,0.6790000200271606,0.7049999833106995,0.2834467887878418
2,0.6539396047592163,0.6740490794181824,0.6840000152587891,0.7049999833106995,0.28680419921875
2,0.647189199924469,0.6670809984207153,0.6860000491142273,0.7099999785423279,0.2904024124145508
2,0.6402357220649719,0.659850537776947,0.6860000491142273,0.7149999737739563,0.2938821315765381
2,0.6332325339317322,0.6524734497070312,0.6890000104904175,0.7174999713897705,0.2973141670227051
2,0.6260754466056824,0.6448498368263245,0.6950000524520874,0.7174999713897705,0.30060553550720215
2,0.6187730431556702,0.6370131373405457,0.6980000138282776,0.7174999713897705,0.3042161464691162
2,0.6112480759620667,0.6289830207824707,0.7040000557899475,0.7199999690055847,0.30818819999694824
2,0.6034356355667114,0.6207355260848999,0.7110000252723694,0.7249999642372131,0.3115208148956299
2,0.5953735113143921,0.61236971616745,0.7140000462532043,0.7249999642372131,0.3153114318847656
2,0.5870516300201416,0.6037722826004028,0.7210000157356262,0.7274999618530273,0.3188657760620117
2,0.5784562826156616,0.5947050452232361,0.7270000576972961,0.7274999618530273,0.3223390579223633
2,0.569508969783783,0.5852574706077576,0.7330000400543213,0.7400000095367432,0.32602810859680176
2,0.5602555274963379,0.5755486488342285,0.7380000352859497,0.7475000023841858,0.32946205139160156
2,0.5508310794830322,0.5656271576881409,0.7470000386238098,0.75,0.33291077613830566
2,0.5411735773086548,0.5555689334869385,0.7520000338554382,0.7524999976158142,0.3366248607635498
2,0.5312784910202026,0.5453431606292725,0.7580000162124634,0.7549999952316284,0.3400905132293701
2,0.5211608409881592,0.5348858833312988,0.7640000581741333,0.762499988079071,0.34454846382141113
2,0.5108223557472229,0.5242069363594055,0.7680000066757202,0.7674999833106995,0.3482780456542969
2,0.500295102596283,0.5132060050964355,0.7740000486373901,0.7799999713897705,0.3517570495605469
2,0.4895634353160858,0.5021703839302063,0.7760000228881836,0.7799999713897705,0.3557708263397217
2,0.4787226915359497,0.4910585284233093,0.7820000648498535,0.7824999690055847,0.3592851161956787
2,0.4677942395210266,0.47969475388526917,0.7930000424385071,0.7849999666213989,0.3631587028503418
2,0.45686182379722595,0.46817848086357117,0.7990000247955322,0.7924999594688416,0.36675572395324707
2,0.4459228515625,0.4564874768257141,0.8100000619888306,0.7949999570846558,0.37021422386169434
2,0.43493470549583435,0.44471004605293274,0.8190000653266907,0.8075000047683716,0.3739340305328369
2,0.42394062876701355,0.43294399976730347,0.8200000524520874,0.8149999976158142,0.3772704601287842
2,0.4129396975040436,0.42131781578063965,0.8260000348091125,0.8199999928474426,0.3805365562438965
2,0.4019210636615753,0.4099236726760864,0.8400000333786011,0.8274999856948853,0.3839595317840576
2,0.39092519879341125,0.39875081181526184,0.8480000495910645,0.8324999809265137,0.3873927593231201
2,0.3800101578235626,0.3878963887691498,0.8560000658035278,0.8449999690055847,0.39077186584472656
2,0.369150847196579,0.3773946464061737,0.8610000610351562,0.8524999618530273,0.39409828186035156
2,0.35836002230644226,0.36719223856925964,0.8790000677108765,0.8549999594688416,0.39732789993286133
2,0.34768980741500854,0.3571774661540985,0.8870000243186951,0.8725000023841858,0.40061235427856445
2,0.3371250033378601,0.34734660387039185,0.9010000228881836,0.8774999976158142,0.4038355350494385
2,0.3267621397972107,0.3376944065093994,0.906000018119812,0.8774999976158142,0.40738630294799805
2,0.31653517484664917,0.32825759053230286,0.9110000729560852,0.8824999928474426,0.41146278381347656
2,0.3064042329788208,0.3188118636608124,0.9160000681877136,0.8849999904632568,0.41480350494384766
2,0.29648062586784363,0.30928710103034973,0.9170000553131104,0.8899999856948853,0.41814160346984863
2,0.2869589626789093,0.29961249232292175,0.921000063419342,0.9024999737739563,0.4218628406524658
2,0.2778007388114929,0.29007187485694885,0.9240000247955322,0.9049999713897705,0.42533135414123535
2,0.26897990703582764,0.2810721695423126,0.9280000329017639,0.9074999690055847,0.428696870803833
2,0.2604997754096985,0.272502601146698,0.9290000200271606,0.9124999642372131,0.4325988292694092
2,0.25238335132598877,0.2639463245868683,0.9310000538825989,0.9199999570846558,0.4360387325286865
2,0.24469561874866486,0.2559511363506317,0.9330000281333923,0.92249995470047,0.439497709274292
2,0.23742762207984924,0.24812087416648865,0.9340000152587891,0.9274999499320984,0.4428837299346924
2,0.23054170608520508,0.24066504836082458,0.9350000619888306,0.9325000047683716,0.519791841506958
2,0.22393417358398438,0.2333192080259323,0.9430000185966492,0.9300000071525574,0.5233361721038818
2,0.21759256720542908,0.22600775957107544,0.9440000653266907,0.9325000047683716,0.5266814231872559
2,0.21151769161224365,0.21929463744163513,0.9460000395774841,0.9325000047683716,0.5301816463470459
2,0.2056552916765213,0.21246418356895447,0.9450000524520874,0.9300000071525574,0.5334386825561523
2,0.2000466138124466,0.20662198960781097,0.9480000734329224,0.9350000023841858,0.5367507934570312
2,0.19473856687545776,0.200420081615448,0.9480000734329224,0.9325000047683716,0.5401101112365723
2,0.1897764950990677,0.1956164687871933,0.9530000686645508,0.9350000023841858,0.5434708595275879
2,0.18512307107448578,0.1897704005241394,0.9490000605583191,0.9300000071525574,0.5467932224273682
2,0.18083441257476807,0.1867067962884903,0.956000030040741,0.9424999952316284,0.5500729084014893
2,0.1767960637807846,0.18083149194717407,0.9500000476837158,0.9300000071525574,0.553286075592041
2,0.17246337234973907,0.17810870707035065,0.956000030040741,0.9449999928474426,0.5566034317016602
2,0.1679845154285431,0.17209766805171967,0.9520000219345093,0.9399999976158142,0.5602936744689941
2,0.16417483985424042,0.16820664703845978,0.9550000429153442,0.9449999928474426,0.5635230541229248
2,0.16112926602363586,0.1657266467809677,0.9610000252723694,0.9449999928474426,0.5674364566802979
2,0.1579963117837906,0.16109566390514374,0.9520000219345093,0.9449999928474426,0.5711116790771484
2,0.15433143079280853,0.15892449021339417,0.9610000252723694,0.9449999928474426,0.5743584632873535
2,0.15090703964233398,0.15527351200580597,0.9590000510215759,0.9449999928474426,0.5779345035552979
2,0.1481037139892578,0.15228664875030518,0.9580000638961792,0.9424999952316284,0.5812516212463379
2,0.14541515707969666,0.15142405033111572,0.9610000252723694,0.9449999928474426,0.5845322608947754
2,0.1424616426229477,0.14739154279232025,0.9580000638961792,0.9449999928474426,0.5878598690032959
2,0.13946101069450378,0.1455865055322647,0.9610000252723694,0.9474999904632568,0.5911548137664795
2,0.13692088425159454,0.14327441155910492,0.9620000720024109,0.9474999904632568,0.5944826602935791
2,0.13474810123443604,0.1404583901166916,0.9590000510215759,0.9474999904632568,0.5977981090545654
2,0.13256031274795532,0.14000247418880463,0.9630000591278076,0.949999988079071,0.6011266708374023
2,0.13019795715808868,0.13694515824317932,0.9570000171661377,0.9474999904632568,0.6043891906738281
2,0.12779103219509125,0.1357751041650772,0.9590000510215759,0.949999988079071,0.6077232360839844
2,0.125613272190094,0.1341424286365509,0.9610000252723694,0.949999988079071,0.6110608577728271
2,0.12369667738676071,0.13207031786441803,0.9600000381469727,0.9574999809265137,0.6142690181732178
2,0.12185349315404892,0.1316157877445221,0.9620000720024109,0.949999988079071,0.6176474094390869
2,0.11996114253997803,0.1287878155708313,0.9620000720024109,0.9599999785423279,0.6209201812744141
2,0.11800484359264374,0.12798312306404114,0.9640000462532043,0.9574999809265137,0.6248884201049805
2,0.11614090949296951,0.12575089931488037,0.9620000720024109,0.9574999809265137,0.6286265850067139
2,0.11448018252849579,0.12420874834060669,0.9630000591278076,0.9574999809265137,0.6319198608398438
2,0.11296408623456955,0.1234646886587143,0.9630000591278076,0.9574999809265137,0.6352682113647461
2,0.11154428124427795,0.12143441289663315,0.9620000720024109,0.9574999809265137,0.638556718826294
2,0.11014950275421143,0.12107433378696442,0.9640000462532043,0.9574999809265137,0.6419332027435303
2,0.10869896411895752,0.11853466182947159,0.9610000252723694,0.9574999809265137,0.6454195976257324
2,0.10720273107290268,0.11771256476640701,0.9650000333786011,0.9549999833106995,0.6487405300140381
2,0.10577057301998138,0.11551406234502792,0.9630000591278076,0.9599999785423279,0.6521079540252686
2,0.10441631078720093,0.11439061909914017,0.9630000591278076,0.9599999785423279,0.6555469036102295
2,0.10317956656217575,0.11318480223417282,0.9640000462532043,0.9599999785423279,0.6590800285339355
2,0.10203029960393906,0.11160989105701447,0.9630000591278076,0.9574999809265137,0.662379264831543
2,0.10094381868839264,0.11108946800231934,0.9650000333786011,0.9599999785423279,0.6661436557769775
2,0.09994150698184967,0.10905662178993225,0.9630000591278076,0.9549999833106995,0.6695878505706787
2,0.0989944189786911,0.1089969053864479,0.9660000205039978,0.9574999809265137,0.6728208065032959
2,0.09812618046998978,0.10681132972240448,0.9620000720024109,0.9574999809265137,0.6760549545288086
2,0.09723027795553207,0.1072113886475563,0.9660000205039978,0.9624999761581421,0.6794092655181885
2,0.09633652865886688,0.1048400029540062,0.9620000720024109,0.9599999785423279,0.6826460361480713
2,0.09519244730472565,0.1050831601023674,0.9660000205039978,0.9674999713897705,0.6858325004577637
2,0.09399544447660446,0.10260988026857376,0.9640000462532043,0.9624999761581421,0.6892087459564209
2,0.0928245484828949,0.1022474393248558,0.968000054359436,0.9649999737739563,0.6925170421600342
2,0.09188071638345718,0.10112152993679047,0.9670000672340393,0.9624999761581421,0.6957340240478516
2,0.0911496952176094,0.10005304217338562,0.9660000205039978,0.9624999761581421,0.6990559101104736
2,0.09050468355417252,0.10037244856357574,0.9690000414848328,0.9649999737739563,0.7023975849151611
2,0.08984939754009247,0.09846707433462143,0.9660000205039978,0.9649999737739563,0.7056529521942139
2,0.08903895318508148,0.09888103604316711,0.968000054359436,0.9674999713897705,0.709033727645874
2,0.08810926228761673,0.09689334779977798,0.9660000205039978,0.9699999690055847,0.7130167484283447
2,0.08710659295320511,0.09667763859033585,0.9670000672340393,0.9699999690055847,0.716376543045044
2,0.08620345592498779,0.09537901729345322,0.9700000286102295,0.9699999690055847,0.7197940349578857
2,0.0854601040482521,0.0946066677570343,0.9690000414848328,0.9699999690055847,0.7233395576477051
2,0.084840327501297,0.09436383843421936,0.9670000672340393,0.9674999713897705,0.727635383605957
2,0.08425714075565338,0.0929175317287445,0.968000054359436,0.9699999690055847,0.7309327125549316
2,0.08362080901861191,0.09362377971410751,0.968000054359436,0.9674999713897705,0.7344231605529785
2,0.0828963965177536,0.09155718982219696,0.968000054359436,0.9724999666213989,0.7376823425292969
2,0.08208655565977097,0.09183704107999802,0.968000054359436,0.9699999690055847,0.7408576011657715
2,0.08128305524587631,0.09040862321853638,0.968000054359436,0.9699999690055847,0.744208574295044
2,0.0805264413356781,0.08996276557445526,0.971000075340271,0.9699999690055847,0.7474937438964844
2,0.0798388198018074,0.08936615288257599,0.971000075340271,0.9699999690055847,0.75063157081604
2,0.07921154052019119,0.0885799378156662,0.9700000286102295,0.9674999713897705,0.7538423538208008
2,0.07862373441457748,0.0885285958647728,0.9700000286102295,0.9749999642372131,0.757011890411377
2,0.07804915308952332,0.08711086213588715,0.971000075340271,0.9674999713897705,0.7602806091308594
2,0.0774528980255127,0.08759085834026337,0.9690000414848328,0.9724999666213989,0.7635579109191895
2,0.07684942334890366,0.0857323482632637,0.971000075340271,0.9699999690055847,0.7667346000671387
2,0.07620353251695633,0.08650276064872742,0.9730000495910645,0.9724999666213989,0.77005934715271
2,0.07555414736270905,0.08478538691997528,0.971000075340271,0.9699999690055847,0.773322582244873
2,0.07491833716630936,0.08506659418344498,0.9720000624656677,0.9724999666213989,0.7771792411804199
2,0.07430551946163177,0.0835503414273262,0.9730000495910645,0.9699999690055847,0.8451776504516602
2,0.07369370013475418,0.08371181786060333,0.9760000705718994,0.9724999666213989,0.8487350940704346
2,0.07309169322252274,0.08246759325265884,0.9740000367164612,0.9699999690055847,0.8521378040313721
2,0.07249980419874191,0.08263734728097916,0.9750000238418579,0.9699999690055847,0.8553504943847656
2,0.07196223735809326,0.08181894570589066,0.9750000238418579,0.9699999690055847,0.8588180541992188
2,0.07144273817539215,0.08200453966856003,0.9750000238418579,0.9699999690055847,0.8620560169219971
2,0.07091420888900757,0.08133495599031448,0.9750000238418579,0.9674999713897705,0.8657686710357666
2,0.07037714868783951,0.08111030608415604,0.9750000238418579,0.9699999690055847,0.8690476417541504
2,0.069838747382164,0.07999494671821594,0.9750000238418579,0.9699999690055847,0.8723480701446533
2,0.06932100653648376,0.08016610890626907,0.9760000705718994,0.9724999666213989,0.8757383823394775
2,0.06882841885089874,0.07894718647003174,0.9750000238418579,0.9724999666213989,0.8794810771942139
2,0.06841839104890823,0.07970835268497467,0.9770000576972961,0.9724999666213989,0.8827910423278809
2,0.06819668412208557,0.07813381403684616,0.9750000238418579,0.9724999666213989,0.8861258029937744
2,0.06822080165147781,0.08061910420656204,0.9750000238418579,0.9699999690055847,0.8894786834716797
2,0.06860602647066116,0.07823780179023743,0.9750000238418579,0.9699999690055847,0.8931024074554443
2,0.0685344785451889,0.08183620125055313,0.9730000495910645,0.9649999737739563,0.8964059352874756
2,0.06752192229032516,0.07704941183328629,0.9760000705718994,0.9699999690055847,0.8998000621795654
2,0.06559675931930542,0.07774528861045837,0.9780000448226929,0.9699999690055847,0.9030404090881348
2,0.06460745632648468,0.07609930634498596,0.9790000319480896,0.9699999690055847,0.9067964553833008
2,0.06494486331939697,0.07530824840068817,0.9780000448226929,0.9699999690055847,0.9103915691375732
2,0.06512906402349472,0.07804040610790253,0.9780000448226929,0.9699999690055847,0.9136152267456055
2,0.06423033773899078,0.07465464621782303,0.9780000448226929,0.9699999690055847,0.9168915748596191
2,0.06295858323574066,0.07483067363500595,0.9810000658035278,0.9699999690055847,0.9202210903167725
2,0.06268475204706192,0.07505178451538086,0.9800000190734863,0.9699999690055847,0.9234263896942139
2,0.06291776150465012,0.07392487674951553,0.9790000319480896,0.9774999618530273,0.9267237186431885
2,0.06245536357164383,0.07523974031209946,0.9790000319480896,0.9699999690055847,0.9300336837768555
2,0.06146981939673424,0.07313825935125351,0.9820000529289246,0.9724999666213989,0.9332787990570068
2,0.06089691072702408,0.07283707708120346,0.9810000658035278,0.9699999690055847,0.936511754989624
2,0.06090323626995087,0.0737389326095581,0.9810000658035278,0.9699999690055847,0.9398398399353027
2,0.06074359267950058,0.07217495888471603,0.9810000658035278,0.9799999594688416,0.9430644512176514
2,0.06003422290086746,0.0725737065076828,0.9820000529289246,0.9699999690055847,0.9462950229644775
2,0.059434473514556885,0.07175108790397644,0.9820000529289246,0.9699999690055847,0.9496500492095947
2,0.05928316339850426,0.07151207327842712,0.9810000658035278,0.9749999642372131,0.9529094696044922
2,0.05914608761668205,0.072415292263031,0.9810000658035278,0.9699999690055847,0.9561982154846191
2,0.058696769177913666,0.07079765200614929,0.9820000529289246,0.9749999642372131,0.959477424621582
2,0.05814624950289726,0.07087057828903198,0.9830000400543213,0.9699999690055847,0.962719202041626
2,0.05785046145319939,0.07049895077943802,0.9830000400543213,0.9724999666213989,0.966041088104248
2,0.05770950764417648,0.069634348154068,0.9820000529289246,0.9749999642372131,0.9692890644073486
2,0.05741490423679352,0.07032867521047592,0.984000027179718,0.9699999690055847,0.9726128578186035
2,0.056951235979795456,0.06912257522344589,0.9820000529289246,0.9749999642372131,0.9758775234222412
2,0.05655349791049957,0.06944083422422409,0.9830000400543213,0.9749999642372131,0.9791049957275391
2,0.05632007494568825,0.06939779222011566,0.984000027179718,0.9724999666213989,0.9824981689453125
2,0.05611152574419975,0.06849990040063858,0.9820000529289246,0.9774999618530273,0.9857177734375
2,0.055802926421165466,0.06891962885856628,0.984000027179718,0.9699999690055847,0.9890851974487305
2,0.05543412268161774,0.06766967475414276,0.9820000529289246,0.9774999618530273,0.9924113750457764
2,0.05509648844599724,0.0678933709859848,0.9830000400543213,0.9749999642372131,0.9956157207489014
2,0.05483425036072731,0.0677993893623352,0.9830000400543213,0.9749999642372131,0.9988470077514648
2,0.054611582309007645,0.06698471307754517,0.9820000529289246,0.9774999618530273,1.002152681350708
2,0.05435211583971977,0.06754698604345322,0.9850000739097595,0.9724999666213989,1.0053901672363281
2,0.054049063473939896,0.06653586030006409,0.9830000400543213,0.9774999618530273,1.0086450576782227
2,0.0537332221865654,0.0664539635181427,0.984000027179718,0.9749999642372131,1.012007713317871
2,0.05345937982201576,0.06632129848003387,0.984000027179718,0.9749999642372131,1.0151793956756592
2,0.05321754515171051,0.06564527750015259,0.9830000400543213,0.9774999618530273,1.0185539722442627
2,0.052975088357925415,0.06578932702541351,0.9850000739097595,0.9749999642372131,1.0218391418457031
2,0.05271775275468826,0.06543216109275818,0.9830000400543213,0.9774999618530273,1.0250670909881592
2,0.052429065108299255,0.06532034277915955,0.984000027179718,0.9774999618530273,1.0283851623535156
2,0.052158065140247345,0.06502425670623779,0.984000027179718,0.9774999618530273,1.0316202640533447
2,0.05190836638212204,0.06490564346313477,0.9850000739097595,0.9774999618530273,1.0348289012908936
2,0.05168192833662033,0.06466153264045715,0.9850000739097595,0.9774999618530273,1.0381004810333252
2,0.05145147815346718,0.06433818489313126,0.984000027179718,0.9774999618530273,1.0412917137145996
2,0.051220476627349854,0.06439420580863953,0.9860000610351562,0.9774999618530273,1.044614553451538
2,0.050977278500795364,0.06369893997907639,0.9850000739097595,0.9774999618530273,1.0479710102081299
2,0.05073009803891182,0.0640459805727005,0.9860000610351562,0.9774999618530273,1.0512168407440186
2,0.05047035217285156,0.06323221325874329,0.9850000739097595,0.9774999618530273,1.054504632949829
2,0.050227344036102295,0.06317270547151566,0.9860000610351562,0.9774999618530273,1.0577929019927979
2,0.0499897226691246,0.0628754124045372,0.9860000610351562,0.9774999618530273,1.0610644817352295
2,0.049758099019527435,0.06259553879499435,0.9860000610351562,0.9774999618530273,1.0643417835235596
2,0.049531228840351105,0.06221567094326019,0.9860000610351562,0.9774999618530273,1.06760573387146
2,0.04931546747684479,0.062041815370321274,0.9860000610351562,0.9774999618530273,1.0709877014160156
2,0.049100879579782486,0.06229594722390175,0.987000048160553,0.9774999618530273,1.0742030143737793
2,0.048897627741098404,0.061742667108774185,0.987000048160553,0.9774999618530273,1.0774788856506348
2,0.04869482293725014,0.06202442944049835,0.9860000610351562,0.9799999594688416,1.0807950496673584
2,0.048486094921827316,0.06114949658513069,0.987000048160553,0.9774999618530273,1.0840582847595215
2,0.048283904790878296,0.06129002571105957,0.9860000610351562,0.9799999594688416,1.0876872539520264
2,0.048109304159879684,0.060605403035879135,0.987000048160553,0.9774999618530273,1.0910429954528809
2,0.04794229939579964,0.06088872253894806,0.9860000610351562,0.9799999594688416,1.0944960117340088
2,0.04778963327407837,0.060377489775419235,0.987000048160553,0.9774999618530273,1.0977256298065186
2,0.047652773559093475,0.06094370409846306,0.9860000610351562,0.9774999618530273,1.171584129333496
2,0.04759141057729721,0.06011628732085228,0.9860000610351562,0.9774999618530273,1.1751208305358887
2,0.0475589781999588,0.06111055240035057,0.987000048160553,0.9724999666213989,1.1784963607788086
2,0.047550804913043976,0.0597568079829216,0.9850000739097595,0.9799999594688416,1.1823222637176514
2,0.04743760824203491,0.06127407029271126,0.987000048160553,0.9699999690055847,1.1859533786773682
2,0.04722876101732254,0.05979093909263611,0.9850000739097595,0.9799999594688416,1.1891875267028809
2,0.046794477850198746,0.060589633882045746,0.9880000352859497,0.9749999642372131,1.1923997402191162
2,0.04631764069199562,0.059024080634117126,0.987000048160553,0.9774999618530273,1.1958563327789307
2,0.0458846390247345,0.05925685912370682,0.987000048160553,0.9774999618530273,1.1995642185211182
2,0.04564482346177101,0.058748163282871246,0.987000048160553,0.9824999570846558,1.2028491497039795
2,0.045565444976091385,0.05866808816790581,0.987000048160553,0.9774999618530273,1.2060351371765137
2,0.045556582510471344,0.059210702776908875,0.987000048160553,0.9774999618530273,1.2093150615692139
2,0.04548981040716171,0.05810077488422394,0.987000048160553,0.9824999570846558,1.2126505374908447
2,0.045281730592250824,0.059191394597291946,0.9880000352859497,0.9774999618530273,1.2158572673797607
2,0.04495144635438919,0.05765390396118164,0.987000048160553,0.9799999594688416,1.2191827297210693
2,0.04462457075715065,0.05791379511356354,0.987000048160553,0.9774999618530273,1.222593069076538
2,0.04437143728137016,0.057587817311286926,0.987000048160553,0.9749999642372131,1.225909948348999
2,0.04419667646288872,0.05732852965593338,0.9880000352859497,0.9774999618530273,1.229405403137207
2,0.04410090669989586,0.057761289179325104,0.987000048160553,0.9774999618530273,1.233088493347168
2,0.0440296046435833,0.05697716772556305,0.987000048160553,0.9799999594688416,1.2365038394927979
2,0.043928880244493484,0.05752578750252724,0.987000048160553,0.9774999618530273,1.2397541999816895
2,0.043776147067546844,0.05659141391515732,0.987000048160553,0.9799999594688416,1.2431669235229492
2,0.04352795332670212,0.05697149783372879,0.987000048160553,0.9774999618530273,1.246415138244629
2,0.0432727225124836,0.05616623908281326,0.987000048160553,0.9799999594688416,1.2496604919433594
2,0.04303918033838272,0.05642299726605415,0.987000048160553,0.9774999618530273,1.253082275390625
2,0.04284219816327095,0.055685967206954956,0.9880000352859497,0.9799999594688416,1.2563447952270508
2,0.04268588498234749,0.056168876588344574,0.987000048160553,0.9799999594688416,1.2597084045410156
2,0.04252641275525093,0.05567002296447754,0.987000048160553,0.9799999594688416,1.2629859447479248
2,0.04236428812146187,0.05563303455710411,0.987000048160553,0.9774999618530273,1.2661571502685547
2,0.04220923036336899,0.055821485817432404,0.987000048160553,0.9799999594688416,1.2694523334503174
2,0.04206731915473938,0.05506005138158798,0.9880000352859497,0.9799999594688416,1.2727220058441162
2,0.04192344844341278,0.05577139928936958,0.987000048160553,0.9774999618530273,1.2760157585144043
2,0.04177175462245941,0.05487693473696709,0.987000048160553,0.9799999594688416,1.2793619632720947
2,0.041620440781116486,0.05540389195084572,0.987000048160553,0.9799999594688416,1.2831761837005615
2,0.041460730135440826,0.05462026968598366,0.987000048160553,0.9824999570846558,1.286421298980713
2,0.04131301864981651,0.05486982315778732,0.987000048160553,0.9774999618530273,1.290113925933838
2,0.04116734117269516,0.05459306761622429,0.987000048160553,0.9799999594688416,1.2934565544128418
2,0.041018277406692505,0.054640427231788635,0.987000048160553,0.9799999594688416,1.2967917919158936
2,0.04086284339427948,0.054062794893980026,0.987000048160553,0.9824999570846558,1.3002595901489258
2,0.04070550575852394,0.054428987205028534,0.987000048160553,0.9799999594688416,1.3035924434661865
2,0.04055626317858696,0.05389050394296646,0.987000048160553,0.9824999570846558,1.3068516254425049
2,0.04040523245930672,0.05442631244659424,0.987000048160553,0.9799999594688416,1.3103001117706299
3,1.3750057220458984,1.3752895593643188,0.25,0.25,0.0
3,1.3391542434692383,1.3387891054153442,0.34200000762939453,0.32499998807907104,0.031958818435668945
3,1.3080099821090698,1.306695580482483,0.41200003027915955,0.38999998569488525,0.036210060119628906
3,1.2803118228912354,1.2780671119689941,0.4220000207424164,0.41749998927116394,0.03953385353088379
3,1.254241943359375,1.2512104511260986,0.42000001668930054,0.42249998450279236,0.0429532527923584
3,1.2287365198135376,1.2248141765594482,0.4230000078678131,0.42499998211860657,0.046219587326049805
3,1.2035880088806152,1.1986374855041504,0.42900002002716064,0.4350000023841858,0.04952073097229004
3,1.1791232824325562,1.1729620695114136,0.45000001788139343,0.45249998569488525,0.053182125091552734
3,1.1557189226150513,1.148226261138916,0.46800002455711365,0.4749999940395355,0.056458234786987305
3,1.1335201263427734,1.1245756149291992,0.4880000352859497,0.5024999976158142,0.059645891189575195
3,1.112326741218567,1.1017416715621948,0.5040000081062317,0.5174999833106995,0.06304645538330078
3,1.0919468402862549,1.0794215202331543,0.5160000324249268,0.5199999809265137,0.0662837028503418
3,1.0721125602722168,1.0573252439498901,0.5370000004768372,0.5374999642372131,0.06963729858398438
3,1.0527268648147583,1.0354480743408203,0.5560000538825989,0.5550000071525574,0.0729677677154541
3,1.0335538387298584,1.0137428045272827,0.5630000233650208,0.5724999904632568,0.07620668411254883
3,1.0142232179641724,0.9921420216560364,0.5750000476837158,0.5824999809265137,0.07974529266357422
3,0.9944740533828735,0.9706050157546997,0.5870000123977661,0.5999999642372131,0.08303117752075195
3,0.9743425250053406,0.948961615562439,0.6000000238418579,0.6225000023841858,0.15610194206237793
3,0.953719437122345,0.9272869825363159,0.6190000176429749,0.6399999856948853,0.1601111888885498
3,0.9328942894935608,0.9059838652610779,0.6330000162124634,0.6574999690055847,0.16363263130187988
3,0.9121758937835693,0.885205090045929,0.6510000228881836,0.6825000047683716,0.16690874099731445
3,0.892040491104126,0.8652549982070923,0.6620000600814819,0.6924999952316284,0.1701979637145996
3,0.8728301525115967,0.8464271426200867,0.6670000553131104,0.7074999809265137,0.17352795600891113
3,0.8546594977378845,0.8285645246505737,0.6740000247955322,0.7174999713897705,0.17681288719177246
3,0.8372186422348022,0.811185359954834,0.6780000329017639,0.7124999761581421,0.1802229881286621
3,0.820374071598053,0.7941082119941711,0.6840000152587891,0.7224999666213989,0.1842031478881836
3,0.8039438724517822,0.7770755290985107,0.690000057220459,0.7249999642372131,0.18749666213989258
3,0.7878237962722778,0.7601242065429688,0.6910000443458557,0.73499995470047,0.1908576488494873
3,0.7721812725067139,0.7436245679855347,0.6930000185966492,0.7299999594688416,0.19407916069030762
3,0.7572120428085327,0.7280451059341431,0.6960000395774841,0.7400000095367432,0.19738435745239258
3,0.743014395236969,0.7136037349700928,0.6950000524520874,0.7324999570846558,0.20079445838928223
3,0.7293709516525269,0.700171947479248,0.6970000267028809,0.73499995470047,0.20414519309997559
3,0.715919554233551,0.687488317489624,0.7010000348091125,0.737500011920929,0.20757150650024414
3,0.7023260593414307,0.675211489200592,0.7020000219345093,0.7475000023841858,0.21087384223937988
3,0.6885085105895996,0.6633679270744324,0.7040000557899475,0.7475000023841858,0.21417737007141113
3,0.674731433391571,0.652110755443573,0.7090000510215759,0.7674999833106995,0.21776127815246582
3,0.6613436937332153,0.6416340470314026,0.7200000286102295,0.7724999785423279,0.22116422653198242
3,0.6485567688941956,0.6320257782936096,0.7260000109672546,0.7799999713897705,0.22440791130065918
3,0.6364836096763611,0.6229147911071777,0.7480000257492065,0.7899999618530273,0.22774124145507812
3,0.6251654028892517,0.6142203211784363,0.7600000500679016,0.7949999570846558,0.23106122016906738
3,0.6144508123397827,0.6058732271194458,0.7730000615119934,0.8025000095367432,0.23450136184692383
3,0.6041948795318604,0.5979070663452148,0.7740000486373901,0.8050000071525574,0.23783349990844727
3,0.5945045351982117,0.5904253125190735,0.7800000309944153,0.79749995470047,0.24103283882141113
3,0.5854206681251526,0.5833718776702881,0.7800000309944153,0.7999999523162842,0.2443087100982666
3,0.576826274394989,0.5766615867614746,0.7780000567436218,0.7949999570846558,0.24852204322814941
3,0.5685833692550659,0.5701807141304016,0.7750000357627869,0.7949999570846558,0.25179028511047363
3,0.5605758428573608,0.5637590885162354,0.7820000648498535,0.7874999642372131,0.25513482093811035
3,0.5526854395866394,0.5573937296867371,0.7850000262260437,0.7874999642372131,0.2583892345428467
3,0.5449404120445251,0.5510089993476868,0.7890000343322754,0.7899999618530273,0.26174354553222656
3,0.5373797416687012,0.5445554852485657,0.796000063419342,0.7924999594688416,0.26502442359924316
3,0.5300422310829163,0.5380534529685974,0.800000011920929,0.7924999594688416,0.26825976371765137
3,0.5230283141136169,0.5315561890602112,0.8010000586509705,0.7874999642372131,0.27152419090270996
3,0.5163036584854126,0.5249892473220825,0.8050000667572021,0.7849999666213989,0.27486085891723633
3,0.5098721981048584,0.5185829401016235,0.8090000152587891,0.7849999666213989,0.27828001976013184
3,0.5037534832954407,0.5126577615737915,0.8090000152587891,0.7849999666213989,0.28148365020751953
3,0.49800968170166016,0.5071836113929749,0.8060000538825989,0.7874999642372131,0.2847778797149658
3,0.4926040768623352,0.5022867321968079,0.8060000538825989,0.7874999642372131,0.2880215644836426
3,0.48738962411880493,0.4978964924812317,0.8100000619888306,0.7849999666213989,0.2913475036621094
3,0.4823295474052429,0.4938898980617523,0.8110000491142273,0.7849999666213989,0.2946159839630127
3,0.47742027044296265,0.49004611372947693,0.8100000619888306,0.7849999666213989,0.2980973720550537
3,0.47267091274261475,0.4862966537475586,0.8100000619888306,0.7899999618530273,0.3013935089111328
3,0.4681110084056854,0.482620507478714,0.8130000233650208,0.7924999594688416,0.30458855628967285
3,0.4636918306350708,0.47901251912117004,0.8140000104904175,0.7899999618530273,0.3078780174255371
3,0.4593774378299713,0.47557929158210754,0.8170000314712524,0.7899999618530273,0.3110978603363037
3,0.4551800489425659,0.4723464548587799,0.8170000314712524,0.7949999570846558,0.3149120807647705
3,0.45112940669059753,0.46920037269592285,0.8170000314712524,0.7899999618530273,0.3182835578918457
3,0.44720274209976196,0.466037392616272,0.8170000314712524,0.7874999642372131,0.32157421112060547
3,0.44337427616119385,0.4627687931060791,0.8190000653266907,0.7874999642372131,0.3251206874847412
3,0.4396085739135742,0.4594283401966095,0.8200000524520874,0.7924999594688416,0.32840967178344727
3,0.4359632432460785,0.4561820924282074,0.8210000395774841,0.7949999570846558,0.33168768882751465
3,0.43244636058807373,0.45313626527786255,0.8220000267028809,0.7999999523162842,0.33510589599609375
3,0.42898017168045044,0.4503239393234253,0.8250000476837158,0.79749995470047,0.3386220932006836
3,0.42553678154945374,0.44755658507347107,0.8270000219345093,0.8025000095367432,0.3419981002807617
3,0.42214688658714294,0.44473621249198914,0.8280000686645508,0.7999999523162842,0.3453330993652344
3,0.4188022315502167,0.44179409742355347,0.8270000219345093,0.7999999523162842,0.34853291511535645
3,0.4155443012714386,0.4389182925224304,0.8280000686645508,0.7999999523162842,0.3521432876586914
3,0.4123878479003906,0.43626347184181213,0.8300000429153442,0.8050000071525574,0.35541367530822754
3,0.40928593277931213,0.4338701665401459,0.8280000686645508,0.8050000071525574,0.3587222099304199
3,0.40621307492256165,0.4316442608833313,0.831000030040741,0.8075000047683716,0.3619661331176758
3,0.4031413793563843,0.4294474124908447,0.8340000510215759,0.8100000023841858,0.3653721809387207
3,0.4000588655471802,0.42712658643722534,0.8340000510215759,0.8100000023841858,0.3686344623565674
3,0.39696618914604187,0.42460405826568604,0.8350000381469727,0.8075000047683716,0.3719823360443115
3,0.3938947916030884,0.4219980239868164,0.8350000381469727,0.8075000047683716,0.3752753734588623
3,0.3908478915691376,0.41944658756256104,0.8340000510215759,0.8125,0.37845635414123535
3,0.3878132700920105,0.416983425617218,0.8380000591278076,0.8149999976158142,0.38181304931640625
3,0.38479021191596985,0.4145154654979706,0.8380000591278076,0.8199999928474426,0.3850681781768799
3,0.3817344605922699,0.4118579924106598,0.8400000333786011,0.8199999928474426,0.3882789611816406
3,0.3786381483078003,0.40901321172714233,0.843000054359436,0.8199999928474426,0.3915719985961914
3,0.37549734115600586,0.40606361627578735,0.8440000414848328,0.8224999904632568,0.39479804039001465
3,0.3723302483558655,0.40305396914482117,0.8450000286102295,0.8224999904632568,0.39806699752807617
3,0.36914005875587463,0.400004506111145,0.8440000414848328,0.8224999904632568,0.4013955593109131
3,0.36592769622802734,0.39686480164527893,0.8440000414848328,0.8274999856948853,0.4046907424926758
3,0.36266565322875977,0.3936249613761902,0.8450000286102295,0.8274999856948853,0.4079756736755371
3,0.3593071401119232,0.39027735590934753,0.8450000286102295,0.824999988079071,0.4114532470703125
3,0.3558778762817383,0.3869301676750183,0.8460000157356262,0.824999988079071,0.49144554138183594
3,0.35237959027290344,0.3836190402507782,0.8480000495910645,0.8274999856948853,0.4949214458465576
3,0.3488081395626068,0.3803005516529083,0.8490000367164612,0.8274999856948853,0.4985382556915283
3,0.34512513875961304,0.3769381046295166,0.8500000238418579,0.8274999856948853,0.5019567012786865
3,0.3413659632205963,0.37354573607444763,0.8520000576972961,0.8274999856948853,0.5051376819610596
3,0.3375028073787689,0.37011075019836426,0.8570000529289246,0.8274999856948853,0.5086750984191895
3,0.33352991938591003,0.36655867099761963,0.8580000400543213,0.8274999856948853,0.5119199752807617
3,0.32947710156440735,0.3628849387168884,0.859000027179718,0.8274999856948853,0.5151572227478027
3,0.3253423273563385,0.35903507471084595,0.859000027179718,0.8324999809265137,0.5184502601623535
3,0.32113778591156006,0.3550488352775574,0.862000048160553,0.8324999809265137,0.5217196941375732
3,0.3169044554233551,0.35095733404159546,0.8660000562667847,0.8299999833106995,0.5253951549530029
3,0.3126387596130371,0.3467886745929718,0.8650000691413879,0.8399999737739563,0.5288279056549072
3,0.3082784116268158,0.34253135323524475,0.8690000176429749,0.8424999713897705,0.5321588516235352
3,0.30387428402900696,0.33815059065818787,0.8710000514984131,0.8399999737739563,0.5353164672851562
3,0.299392431974411,0.3336372375488281,0.878000020980835,0.8399999737739563,0.5386607646942139
3,0.29482850432395935,0.32894161343574524,0.8820000290870667,0.8424999713897705,0.5420832633972168
3,0.29026830196380615,0.3241729736328125,0.8870000243186951,0.8499999642372131,0.5455341339111328
3,0.2856658399105072,0.3192400336265564,0.8880000710487366,0.8549999594688416,0.5487980842590332
3,0.28109437227249146,0.3143008351325989,0.89000004529953,0.85999995470047,0.5520403385162354
3,0.2765301764011383,0.30942437052726746,0.8910000324249268,0.85999995470047,0.5554685592651367
3,0.2719818651676178,0.30448004603385925,0.8940000534057617,0.8574999570846558,0.559053897857666
3,0.2674873471260071,0.29943591356277466,0.8950000405311584,0.85999995470047,0.5623435974121094
3,0.2630145847797394,0.29422634840011597,0.8990000486373901,0.85999995470047,0.5658118724822998
3,0.25856998562812805,0.28892892599105835,0.9020000696182251,0.8624999523162842,0.5692245960235596
3,0.25420400500297546,0.2837928831577301,0.906000018119812,0.8675000071525574,0.5725798606872559
3,0.24986639618873596,0.2787875831127167,0.9100000262260437,0.8700000047683716,0.5759472846984863
3,0.24555887281894684,0.2737950086593628,0.909000039100647,0.8774999976158142,0.5792553424835205
3,0.24134017527103424,0.268840491771698,0.9070000648498535,0.8774999976158142,0.5827727317810059
3,0.23715828359127045,0.26398947834968567,0.9100000262260437,0.887499988079071,0.5862405300140381
3,0.23307621479034424,0.25925374031066895,0.9120000600814819,0.887499988079071,0.5900146961212158
3,0.2291041612625122,0.25468310713768005,0.9140000343322754,0.8899999856948853,0.5932486057281494
3,0.22524967789649963,0.2505175471305847,0.9140000343322754,0.8899999856948853,0.596602201461792
3,0.22145433723926544,0.24663786590099335,0.9160000681877136,0.8974999785423279,0.5999667644500732
3,0.21773970127105713,0.2428516149520874,0.9160000681877136,0.8999999761581421,0.603219747543335
3,0.21410831809043884,0.23898158967494965,0.9180000424385071,0.8999999761581421,0.6067967414855957
3,0.21054889261722565,0.23499473929405212,0.921000063419342,0.8999999761581421,0.6100609302520752
3,0.20708690583705902,0.23104864358901978,0.9220000505447388,0.9024999737739563,0.6134724617004395
3,0.2037700116634369,0.22721891105175018,0.9240000247955322,0.9024999737739563,0.616682767868042
3,0.20055264234542847,0.22345194220542908,0.9260000586509705,0.9049999713897705,0.6200189590454102
3,0.1973770707845688,0.21958187222480774,0.9280000329017639,0.9074999690055847,0.6233325004577637
3,0.19425265491008759,0.2156699001789093,0.9290000200271606,0.9099999666213989,0.626544713973999
3,0.19117043912410736,0.21190853416919708,0.9310000538825989,0.9174999594688416,0.6298260688781738
3,0.1881352812051773,0.20809097588062286,0.9330000281333923,0.9199999570846558,0.633124589920044
3,0.18512818217277527,0.20433564484119415,0.9350000619888306,0.9249999523162842,0.6363503932952881
3,0.182146817445755,0.20080232620239258,0.9380000233650208,0.9249999523162842,0.6396036148071289
3,0.17923647165298462,0.19752509891986847,0.9410000443458557,0.9249999523162842,0.6428790092468262
3,0.17639468610286713,0.19413846731185913,0.940000057220459,0.9274999499320984,0.6460738182067871
3,0.17363625764846802,0.19108648598194122,0.9420000314712524,0.9300000071525574,0.6492767333984375
3,0.17095927894115448,0.18823160231113434,0.9440000653266907,0.9350000023841858,0.6526007652282715
3,0.16837972402572632,0.18513250350952148,0.9440000653266907,0.9325000047683716,0.6558341979980469
3,0.16583344340324402,0.18220126628875732,0.9450000524520874,0.9399999976158142,0.6592357158660889
3,0.1633290946483612,0.17934535443782806,0.9470000267028809,0.9399999976158142,0.66251540184021
3,0.16089165210723877,0.17641592025756836,0.9460000395774841,0.9424999952316284,0.6657843589782715
3,0.1585543006658554,0.17382442951202393,0.9470000267028809,0.9424999952316284,0.6690976619720459
3,0.1563006490468979,0.17141833901405334,0.9490000605583191,0.9424999952316284,0.6724207401275635
3,0.1540869027376175,0.16908033192157745,0.9500000476837158,0.9449999928474426,0.6757867336273193
3,0.15191084146499634,0.1670161485671997,0.9490000605583191,0.9449999928474426,0.6790156364440918
3,0.1497533917427063,0.16458117961883545,0.9510000348091125,0.9449999928474426,0.6823348999023438
3,0.14763285219669342,0.16221687197685242,0.9520000219345093,0.9424999952316284,0.6860470771789551
3,0.14553295075893402,0.16013126075267792,0.9530000686645508,0.9474999904632568,0.6893513202667236
3,0.1434413492679596,0.1578529328107834,0.9530000686645508,0.9449999928474426,0.6925899982452393
3,0.14141805469989777,0.15606695413589478,0.9540000557899475,0.949999988079071,0.6959943771362305
3,0.1394394040107727,0.15377330780029297,0.9540000557899475,0.9524999856948853,0.699805498123169
3,0.13750053942203522,0.15153637528419495,0.9550000429153442,0.949999988079071,0.7030766010284424
3,0.1356268972158432,0.1493159383535385,0.9550000429153442,0.9549999833106995,0.7067883014678955
3,0.13383987545967102,0.1467740684747696,0.956000030040741,0.9549999833106995,0.7106373310089111
3,0.13209907710552216,0.14484256505966187,0.956000030040741,0.9549999833106995,0.7138874530792236
3,0.13038772344589233,0.14268487691879272,0.956000030040741,0.9574999809265137,0.7172834873199463
3,0.12867189943790436,0.1409319043159485,0.9570000171661377,0.9549999833106995,0.7205395698547363
3,0.12697593867778778,0.13890887796878815,0.9580000638961792,0.9549999833106995,0.7238576412200928
3,0.12528568506240845,0.13698501884937286,0.9580000638961792,0.9574999809265137,0.7272005081176758
3,0.12360398471355438,0.13455958664417267,0.9580000638961792,0.9599999785423279,0.7303910255432129
3,0.1219521015882492,0.13282310962677002,0.9580000638961792,0.9599999785423279,0.7336897850036621
3,0.12034716457128525,0.1306661069393158,0.9590000510215759,0.9624999761581421,0.7369601726531982
3,0.11878940463066101,0.12984222173690796,0.9580000638961792,0.9599999785423279,0.7409710884094238
3,0.11729507893323898,0.12758594751358032,0.9610000252723694,0.9599999785423279,0.7444639205932617
3,0.11592701077461243,0.12783652544021606,0.9610000252723694,0.9524999856948853,0.7477118968963623
3,0.11471322178840637,0.12396764010190964,0.9620000720024109,0.9624999761581421,0.8209018707275391
3,0.11354252696037292,0.12572257220745087,0.9640000462532043,0.9524999856948853,0.8242850303649902
3,0.11212760955095291,0.12094763666391373,0.9620000720024109,0.9599999785423279,0.8280322551727295
3,0.11030685156583786,0.12172398716211319,0.9640000462532043,0.9524999856948853,0.8314199447631836
3,0.10871128737926483,0.11958731710910797,0.9620000720024109,0.9599999785423279,0.8347330093383789
3,0.1076148971915245,0.11765210330486298,0.9620000720024109,0.9599999785423279,0.8383111953735352
3,0.10661961138248444,0.11899805814027786,0.9640000462532043,0.9549999833106995,0.8416154384613037
3,0.10523004829883575,0.11536390334367752,0.9640000462532043,0.9599999785423279,0.8453657627105713
3,0.10366704314947128,0.11536183208227158,0.9640000462532043,0.9574999809265137,0.848799467086792
3,0.10249285399913788,0.1141735166311264,0.9650000333786011,0.9599999785423279,0.8524057865142822
3,0.1015593558549881,0.11164416372776031,0.9640000462532043,0.9599999785423279,0.8557593822479248
3,0.100413016974926,0.11264746636152267,0.9640000462532043,0.9574999809265137,0.8596351146697998
3,0.09907327592372894,0.10978075861930847,0.9640000462532043,0.9599999785423279,0.8630456924438477
3,0.09785614907741547,0.10935458540916443,0.9650000333786011,0.9624999761581421,0.8662900924682617
3,0.0968913659453392,0.1092955693602562,0.9660000205039978,0.9599999785423279,0.8696749210357666
3,0.09595522284507751,0.10674955695867538,0.9650000333786011,0.9599999785423279,0.8729774951934814
3,0.09483980387449265,0.10738825798034668,0.968000054359436,0.9624999761581421,0.8763077259063721
3,0.09365199506282806,0.1051321029663086,0.9640000462532043,0.9624999761581421,0.8797092437744141
3,0.09264489263296127,0.10416638106107712,0.9650000333786011,0.9624999761581421,0.8830022811889648
3,0.09178903698921204,0.10427240282297134,0.968000054359436,0.9624999761581421,0.8862426280975342
3,0.09091224521398544,0.1020301878452301,0.9660000205039978,0.9599999785423279,0.8896262645721436
3,0.08989724516868591,0.10257081687450409,0.9700000286102295,0.9624999761581421,0.8929507732391357
3,0.08888083696365356,0.10091961920261383,0.9670000672340393,0.9624999761581421,0.8962411880493164
3,0.08798756450414658,0.09977363795042038,0.9670000672340393,0.9624999761581421,0.899754524230957
3,0.0871870219707489,0.09978565573692322,0.9720000624656677,0.9624999761581421,0.9032173156738281
3,0.08637165278196335,0.09791476279497147,0.968000054359436,0.9624999761581421,0.9063727855682373
3,0.08548633754253387,0.09831681102514267,0.9730000495910645,0.9624999761581421,0.9096953868865967
3,0.08461492508649826,0.09717380255460739,0.9730000495910645,0.9624999761581421,0.9129824638366699
3,0.08383233100175858,0.09695883095264435,0.9730000495910645,0.9624999761581421,0.9161074161529541
3,0.08309692144393921,0.09654571861028671,0.9740000367164612,0.9624999761581421,0.9193081855773926
3,0.08237337321043015,0.09476010501384735,0.9730000495910645,0.9624999761581421,0.9226317405700684
3,0.08163804560899734,0.09522292017936707,0.9730000495910645,0.9624999761581421,0.925835371017456
3,0.08086548000574112,0.09308235347270966,0.9740000367164612,0.9624999761581421,0.9290263652801514
3,0.08011750876903534,0.09312654286623001,0.9740000367164612,0.9624999761581421,0.9323182106018066
3,0.07941778004169464,0.0926784798502922,0.9740000367164612,0.9624999761581421,0.9356238842010498
3,0.0787682831287384,0.09163965284824371,0.9730000495910645,0.9624999761581421,0.9388062953948975
3,0.07811474800109863,0.09151564538478851,0.9760000705718994,0.9624999761581421,0.9421310424804688
3,0.07745445519685745,0.09032578766345978,0.9740000367164612,0.9624999761581421,0.9456322193145752
3,0.07681687921285629,0.09072113782167435,0.9760000705718994,0.9649999737739563,0.9492254257202148
3,0.07616832107305527,0.08944585919380188,0.9750000238418579,0.9599999785423279,0.9524402618408203
3,0.07554666697978973,0.08948202431201935,0.9760000705718994,0.9624999761581421,0.9557604789733887
3,0.07493295520544052,0.08851127326488495,0.9750000238418579,0.9624999761581421,0.9590151309967041
3,0.07432828098535538,0.08837716281414032,0.9760000705718994,0.9624999761581421,0.9623055458068848
3,0.0737387165427208,0.08726826310157776,0.9760000705718994,0.9649999737739563,0.9657187461853027
3,0.07316388934850693,0.08677098155021667,0.9760000705718994,0.9649999737739563,0.9691789150238037
3,0.07261171191930771,0.08672500401735306,0.9760000705718994,0.9649999737739563,0.9724416732788086
3,0.07208080589771271,0.08519754558801651,0.9770000576972961,0.9674999713897705,0.9758789539337158
3,0.07158127427101135,0.08624692261219025,0.9770000576972961,0.9674999713897705,0.9797561168670654
3,0.07112367451190948,0.08403138816356659,0.9770000576972961,0.9649999737739563,0.9831180572509766
3,0.07076244801282883,0.08584854006767273,0.9790000319480896,0.9674999713897705,0.9864420890808105
3,0.07041654735803604,0.08272037655115128,0.9760000705718994,0.9649999737739563,0.9897830486297607
3,0.07003677636384964,0.08541873097419739,0.9780000448226929,0.9624999761581421,0.9930155277252197
3,0.06940458714962006,0.08181864023208618,0.9770000576972961,0.9624999761581421,0.9966177940368652
3,0.06862755864858627,0.08368239551782608,0.9760000705718994,0.9699999690055847,0.9999005794525146
3,0.06799878925085068,0.08141547441482544,0.9790000319480896,0.9724999666213989,1.003164291381836
3,0.06758313626050949,0.08042111992835999,0.9790000319480896,0.9674999713897705,1.0065093040466309
3,0.06733798235654831,0.08147099614143372,0.9780000448226929,0.9724999666213989,1.0098397731781006
3,0.06701434403657913,0.07916925847530365,0.9790000319480896,0.9649999737739563,1.0131146907806396
3,0.06651625782251358,0.08178511261940002,0.9780000448226929,0.9724999666213989,1.0168628692626953
3,0.06589102745056152,0.07819578051567078,0.9790000319480896,0.9724999666213989,1.02016282081604
3,0.06535302847623825,0.07821882516145706,0.9790000319480896,0.9749999642372131,1.023601770401001
3,0.06494151800870895,0.07798101007938385,0.9790000319480896,0.9724999666213989,1.0268142223358154
3,0.06462791562080383,0.07690050452947617,0.9800000190734863,0.9699999690055847,1.030186414718628
3,0.06427891552448273,0.0786077231168747,0.9790000319480896,0.9724999666213989,1.033435583114624
3,0.06382773071527481,0.07610781490802765,0.9790000319480896,0.9724999666213989,1.0366981029510498
3,0.06337762624025345,0.0765448808670044,0.9780000448226929,0.9724999666213989,1.0399889945983887
3,0.06294573098421097,0.07592698931694031,0.9800000190734863,0.9749999642372131,1.043262243270874
3,0.06258648633956909,0.07493771612644196,0.9800000190734863,0.9749999642372131,1.046570062637329
3,0.062261346727609634,0.07573484629392624,0.9800000190734863,0.9749999642372131,1.0497863292694092
3,0.06194939464330673,0.07415569573640823,0.9790000319480896,0.9699999690055847,1.053032636642456
3,0.06155525520443916,0.07534802705049515,0.9790000319480896,0.9749999642372131,1.056290626525879
3,0.061152197420597076,0.07366691529750824,0.9810000658035278,0.9774999618530273,1.0595064163208008
3,0.06072872504591942,0.07359395921230316,0.9810000658035278,0.9774999618530273,1.0629258155822754
3,0.06035532429814339,0.07251784205436707,0.9800000190734863,0.9749999642372131,1.0661232471466064
3,0.060009751468896866,0.07248803973197937,0.9800000190734863,0.9749999642372131,1.069481611251831
3,0.059689272195100784,0.07264667749404907,0.9810000658035278,0.9749999642372131,1.0732204914093018
3,0.059380173683166504,0.07190586626529694,0.9800000190734863,0.9749999642372131,1.0765209197998047
3,0.05904552713036537,0.0720384269952774,0.9810000658035278,0.9749999642372131,1.1468677520751953
3,0.05871162563562393,0.07056929171085358,0.9800000190734863,0.9749999642372131,1.150439977645874
3,0.05839664116501808,0.07105281949043274,0.9800000190734863,0.9749999642372131,1.1538372039794922
3,0.05805906280875206,0.06997094303369522,0.9830000400543213,0.9774999618530273,1.1574413776397705
3,0.05774031952023506,0.07096544653177261,0.9810000658035278,0.9749999642372131,1.1607379913330078
3,0.05742200091481209,0.07017873227596283,0.9810000658035278,0.9749999642372131,1.1642343997955322
3,0.05709812417626381,0.06983143091201782,0.9810000658035278,0.9749999642372131,1.1675083637237549
3,0.056784555315971375,0.06910744309425354,0.9810000658035278,0.9749999642372131,1.170853614807129
3,0.05648545175790787,0.06818784773349762,0.984000027179718,0.9799999594688416,1.1742959022521973
3,0.05616697296500206,0.06874556094408035,0.9810000658035278,0.9749999642372131,1.177537441253662
3,0.05586438626050949,0.068406842648983,0.9820000529289246,0.9774999618530273,1.1808011531829834
3,0.055575042963027954,0.06848689913749695,0.9830000400543213,0.9749999642372131,1.1841623783111572
3,0.055293262004852295,0.06763525307178497,0.984000027179718,0.9774999618530273,1.1874265670776367
3,0.05504586920142174,0.06753828376531601,0.9850000739097595,0.9724999666213989,1.1907286643981934
3,0.05483374372124672,0.06662323325872421,0.9830000400543213,0.9774999618530273,1.1941394805908203
3,0.05465907230973244,0.06802516430616379,0.9830000400543213,0.9699999690055847,1.1974966526031494
3,0.054528575390577316,0.06584750860929489,0.9850000739097595,0.9749999642372131,1.2007689476013184
3,0.05447056144475937,0.06923671811819077,0.9830000400543213,0.9724999666213989,1.2040629386901855
3,0.05438845977187157,0.06510212272405624,0.9850000739097595,0.9799999594688416,1.2073919773101807
3,0.054188139736652374,0.06881950050592422,0.9820000529289246,0.9674999713897705,1.2111990451812744
3,0.05353987216949463,0.06429582834243774,0.9850000739097595,0.9799999594688416,1.214472770690918
3,0.052889078855514526,0.06626107543706894,0.984000027179718,0.9749999642372131,1.2176647186279297
3,0.052535876631736755,0.06555702537298203,0.984000027179718,0.9749999642372131,1.221250295639038
3,0.0524740070104599,0.06330427527427673,0.984000027179718,0.9774999618530273,1.2249722480773926
3,0.052417922765016556,0.06611783802509308,0.984000027179718,0.9724999666213989,1.2285356521606445
3,0.05210532248020172,0.06344709545373917,0.9850000739097595,0.9774999618530273,1.2324471473693848
3,0.05169194936752319,0.06491360068321228,0.9860000610351562,0.9774999618530273,1.2360742092132568
3,0.05129724368453026,0.06386987119913101,0.9850000739097595,0.9799999594688416,1.239603042602539
3,0.051049403846263885,0.06243745982646942,0.9850000739097595,0.9774999618530273,1.242924451828003
3,0.05089312046766281,0.06441853195428848,0.987000048160553,0.9749999642372131,1.2462923526763916
3,0.05070101097226143,0.06207454577088356,0.9850000739097595,0.9799999594688416,1.2495622634887695
3,0.05049140006303787,0.06348960101604462,0.9850000739097595,0.9774999618530273,1.2530019283294678
3,0.05013231188058853,0.062339890748262405,0.9860000610351562,0.9799999594688416,1.2562506198883057
3,0.04978080466389656,0.06199886277318001,0.987000048160553,0.9774999618530273,1.2595317363739014
3,0.04949871450662613,0.06176123768091202,0.9880000352859497,0.9774999618530273,1.262812614440918
3,0.04929180443286896,0.0604817196726799,0.9860000610351562,0.9799999594688416,1.2661170959472656
3,0.04910292476415634,0.06158178672194481,0.9880000352859497,0.9774999618530273,1.269409418106079
3,0.04888216406106949,0.06128137931227684,0.9860000610351562,0.9799999594688416,1.2727470397949219
3,0.04857002571225166,0.06134217604994774,0.987000048160553,0.9774999618530273,1.2760560512542725
3,0.048243824392557144,0.060415253043174744,0.9880000352859497,0.9799999594688416,1.2792630195617676
3,0.047945860773324966,0.05990171432495117,0.987000048160553,0.9774999618530273,1.2824902534484863
3,0.04767879843711853,0.06003739312291145,0.9880000352859497,0.9774999618530273,1.2859959602355957
3,0.04745196923613548,0.05956606939435005,0.9880000352859497,0.9799999594688416,1.289567470550537
3,0.04721912741661072,0.060100775212049484,0.9880000352859497,0.9774999618530273,1.2929089069366455
3,0.0469406321644783,0.05907061696052551,0.9880000352859497,0.9799999594688416,1.296119213104248
3,0.04667862877249718,0.05924827232956886,0.9880000352859497,0.9774999618530273,1.299450397491455
3,0.046397268772125244,0.05846622586250305,0.9880000352859497,0.9799999594688416,1.3027477264404297
3,0.04609331861138344,0.05899721011519432,0.9890000224113464,0.9774999618530273,1.3063254356384277
3,0.04581133648753166,0.05810584872961044,0.987000048160553,0.9799999594688416,1.3098671436309814
3,0.04553298279643059,0.05849645286798477,0.9890000224113464,0.9799999594688416,1.3134629726409912
3,0.04528142511844635,0.057739872485399246,0.9880000352859497,0.9799999594688416,1.3170249462127686
3,0.045021262019872665,0.058234672993421555,0.9890000224113464,0.9774999618530273,1.3204586505889893
3,0.04478582739830017,0.05740300565958023,0.9890000224113464,0.9774999618530273,1.3237669467926025
3,0.044544465839862823,0.05783931910991669,0.9890000224113464,0.9774999618530273,1.3270347118377686
3,0.04433898627758026,0.057630591094493866,0.9890000224113464,0.9774999618530273,1.330488920211792
3,0.04411730170249939,0.057690367102622986,0.9880000352859497,0.9774999618530273,1.3340585231781006
3,0.043902501463890076,0.05719687044620514,0.9890000224113464,0.9774999618530273,1.3373501300811768
3,0.04368960112333298,0.05702865123748779,0.9880000352859497,0.9774999618530273,1.3410723209381104
3,0.04348673298954964,0.05738309025764465,0.9890000224113464,0.9774999618530273,1.344304084777832
3,0.04329521954059601,0.056511253118515015,0.9880000352859497,0.9774999618530273,1.3480472564697266
3,0.04314184933900833,0.05714965984225273,0.9890000224113464,0.9774999618530273,1.3514282703399658
3,0.04302854463458061,0.056177712976932526,0.9880000352859497,0.9774999618530273,1.3547589778900146
3,0.04302889481186867,0.05776779353618622,0.9890000224113464,0.9774999618530273,1.358173131942749
3,0.043188828974962234,0.055333126336336136,0.9880000352859497,0.9774999618530273,1.3615202903747559
3,0.04345910623669624,0.05832523852586746,0.9880000352859497,0.9799999594688416,1.364717960357666
3,0.04345102235674858,0.05552774295210838,0.987000048160553,0.9774999618530273,1.3680055141448975
3,0.04289134964346886,0.05826650932431221,0.9900000691413879,0.9774999618530273,1.3713555335998535
3,0.041968848556280136,0.05429653078317642,0.9880000352859497,0.9774999618530273,1.3747730255126953
3,0.04155472293496132,0.05549412593245506,0.9880000352859497,0.9774999618530273,1.3779985904693604
3,0.04172683134675026,0.055864881724119186,0.9890000224113464,0.9799999594688416,1.3814327716827393
3,0.04179765656590462,0.05440117418766022,0.9880000352859497,0.9774999618530273,1.3850252628326416
3,0.04143489897251129,0.05656246095895767,0.9900000691413879,0.9799999594688416,1.3883519172668457
3,0.040951162576675415,0.05349050834774971,0.9900000691413879,0.9774999618530273,1.3917391300201416
3,0.04078402370214462,0.05536704882979393,0.9880000352859497,0.9774999618530273,1.3952248096466064
3,0.04073626920580864,0.05487372353672981,0.9900000691413879,0.9799999594688416,1.3987758159637451
3,0.04058940336108208,0.053093213587999344,0.9890000224113464,0.9774999618530273,1.4020648002624512
3,0.040376290678977966,0.056019578129053116,0.9900000691413879,0.9774999618530273,1.4053754806518555
3,0.04015713185071945,0.05330955982208252,0.9900000691413879,0.9749999642372131,1.4768426418304443
3,0.03991151601076126,0.05445747449994087,0.9880000352859497,0.9774999618530273,1.48032808303833
3,0.03976324573159218,0.05431222543120384,0.9900000691413879,0.9799999594688416,1.4839870929718018
3,0.03969000279903412,0.052314940840005875,0.9900000691413879,0.9774999618530273,1.4873569011688232
3,0.0395473949611187,0.05526571348309517,0.9900000691413879,0.9774999618530273,1.4906163215637207
3,0.03924744948744774,0.0525304451584816,0.9900000691413879,0.9799999594688416,1.4939138889312744
3,0.03903975337743759,0.05284271389245987,0.9890000224113464,0.9799999594688416,1.4978232383728027
3,0.03895638883113861,0.054011162370443344,0.9910000562667847,0.9799999594688416,1.5012691020965576
3,0.03889383375644684,0.05196704715490341,0.9900000691413879,0.9774999618530273,1.5045676231384277
3,0.03871168568730354,0.05398697033524513,0.9920000433921814,0.9799999594688416,1.5078577995300293
3,0.038442447781562805,0.05204728990793228,0.9900000691413879,0.9799999594688416,1.511136770248413
3,0.03828752785921097,0.052274350076913834,0.9900000691413879,0.9799999594688416,1.5144989490509033
3,0.03819720819592476,0.05355850234627724,0.9910000562667847,0.9799999594688416,1.5178053379058838
3,0.03806028142571449,0.0520271360874176,0.9900000691413879,0.9774999618530273,1.5210494995117188
3,0.037883732467889786,0.05318387597799301,0.9910000562667847,0.9799999594688416,1.5244677066802979
3,0.03772779181599617,0.05214059725403786,0.9900000691413879,0.9799999594688416,1.5280265808105469
3,0.037586502730846405,0.05196533724665642,0.9910000562667847,0.9799999594688416,1.5314381122589111
3,0.0374467670917511,0.05267029255628586,0.9910000562667847,0.9799999594688416,1.5346662998199463
3,0.03728308156132698,0.05211770907044411,0.9900000691413879,0.9799999594688416,1.5378117561340332
3,0.037150703370571136,0.05250830948352814,0.9910000562667847,0.9799999594688416,1.5414068698883057
3,0.03703289106488228,0.05189194530248642,0.9910000562667847,0.9799999594688416,1.5447964668273926
3,0.03691990301012993,0.051469482481479645,0.9920000433921814,0.9799999594688416,1.5480918884277344
3,0.03676030784845352,0.05169620364904404,0.9910000562667847,0.9799999594688416,1.551426887512207
3,0.03660353273153305,0.05216437950730324,0.9920000433921814,0.9774999618530273,1.5548205375671387
3,0.0364648774266243,0.05171269550919533,0.9910000562667847,0.9799999594688416,1.5580899715423584
3,0.036333560943603516,0.05186227336525917,0.9920000433921814,0.9799999594688416,1.5614397525787354
3,0.03620193898677826,0.05092063918709755,0.9920000433921814,0.9799999594688416,1.5649354457855225
